3559
2695
2951
5017
4640
1595
4251
203
3191
1447
3347
2753
3204
3984
1768
4232
4251
1459
1383
900
903
1254
4293
1671
4251
5010
4810
2630
3647
2350
1499
3739
2289
4542
4107
1053
4052
4251
4012
1747
204
4810
4251
3634
1499
3163
3482
112
2036
2042
1509
3107
4251
3299
4542
3107
1310
4609
1383
1139
3984
4637
965
507
3231
4264
4965
3005
1595
4458
4351
1139
27
3201
5055
2007
4676
2784
2588
2349
3869
4667
1699
4882
1275
1991
4904
2738
2759
1775
2425
2426
4637
4293
4500
4965
2457
1671
369
4928
749
1375
1768
1808
3107
2738
1579
2133
4035
4542
78
4121
2935
95
3404
4542
2342
366
3397
3311
4021
4739
2632
794
4134
1568
3482
5063
3002
4107
4251
1536
3428
1408
3473
1731
4251
3107
752
3347
2553
3946
4699
894
203
3924
4157
3440
3771
2971
4121
752
1854
3504
507
1077
965
3428
2289
3005
4219
4961
1647
2792
4048
4989
1102
4293
1240
2636
3156
4251
593
3647
1174
941
4398
4358
3809
4786
2396
1403
4323
1074
3397
2636
4927
3301
2426
2742
2425
4052
1808
4358
4263
2746
1897
4685
3597
3984
253
4458
183
752
794
971
1108
3593
393
2542
440
1466
4354
3191
333
2647
2843
1537
203
1403
3107
3107
3041
1151
3107
4251
4928
752
4251
507
1536
282
3107
2133
203
3577
752
4294
95
1366
3343
4655
4398
203
3504
2133
4358
752
1383
3690
2951
2746
3349
4676
3107
1185
1671
4705
1844
4391
2857
3504
2845
3482
2544
5049
507
2034
3675
4048
4251
1074
4364
4251
4098
4293
3440
1151
4263
4251
1236
4251
4021
4927
456
4786
203
3647
3690
3939
2036
1343
2002
5042
507
4052
3029
1844
3675
1139
369
5017
5010
1403
3205
3201
4672
4810
203
3541
3569
2264
4768
862
3924
4927
956
2746
3107
3041
3793
507
783
440
1074
763
3702
393
282
203
4293
1775
4344
4358
3111
1383
2951
1499
4325
4325
1085
3107
752
4232
3429
1549
3397
493
4904
5017
1366
1788
749
1775
1139
3107
4251
583
3541
4391
3107
1383
1504
3201
1383
2370
1236
507
2426
4107
3926
965
3675
4810
1767
4581
783
3746
4614
3984
3002
2264
1145
2792
4251
2735
1074
2457
2951
2575
4904
1929
4011
4027
3577
507
107
282
3986
1390
3718
1929
4882
4134
4667
4398
3311
4022
4134
2238
1383
1671
3005
964
1595
3637
3205
1549
1236
1126
2251
3916
4904
507
628
203
2042
4293
1151
4961
1718
2426
3428
4121
3107
2320
3482
203
3420
3107
1053
3675
1390
1367
2202
4027
586
4882
2356
3397
2189
1240
3675
3107
1108
1887
4810
4293
4293
965
5042
903
2243
3301
4134
4251
2426
752
4768
810
3004
1509
3420
2006
4770
4323
3428
4029
3330
2654
2148
3633
3428
507
4011
4011
2550
3504
507
964
2457
870
52
1519
2647
5010
1466
4251
3107
4174
2349
4048
3916
3256
257
2007
1768
4813
2384
4121
4012
1929
738
1499
3702
99
3330
4232
4927
4293
3107
3746
4354
1671
737
495
4398
1240
3107
3597
3633
4882
1243
1383
171
4786
4294
507
593
4293
895
4251
3107
1433
1074
3429
4251
1020
4052
2671
4251
333
3428
3397
3854
3968
4294
3504
4329
2534
1808
4542
1020
4540
4293
4744
3247
2534
3739
4810
3482
2971
965
4011
4084
3746
4121
2861
344
4391
4027
1184
3072
4927
1383
4756
577
4029
4121
2817
752
2251
3235
3633
203
369
1929
4794
3420
1788
973
1367
3724
4084
4927
3107
1139
1671
4391
4893
3235
3647
4655
3647
2002
2007
3311
112
4351
4134
4107
5010
369
1602
3793
4251
4770
4251
253
4542
3842
4121
1151
3482
2165
2534
4251
1536
752
2425
4770
2740
3733
2189
985
52
282
1
1499
903
4121
4332
4217
3163
1139
4500
4251
2951
4786
1768
2995
3541
3256
1157
3231
4251
1366
1602
112
2784
3559
5010
4251
779
4398
3156
107
2971
3301
3318
3009
95
1114
1830
3986
3610
3107
3986
3009
95
1254
3107
810
1536
1138
3504
3107
1348
1102
1897
1456
903
4217
737
4542
4266
534
203
253
4323
1085
3072
3428
2465
1383
3363
3107
4672
2428
3107
752
1403
1661
1699
3504
4251
1339
4303
1991
3886
4035
3634
900
4251
783
2243
3107
313
2927
156
4609
2575
4398
4810
4219
1366
4251
4294
2695
507
1398
369
1538
3675
3190
3675
4540
932
2234
3893
4251
4251
4719
4251
2738
1139
52
4074
1733
183
4485
986
4927
3107
4107
3156
3675
95
2002
2588
27
4293
4640
1390
3647
4022
4542
779
203
973
4672
2759
3235
3129
1671
985
5010
4637
4810
3390
4354
1409
3504
752
4542
4052
4965
3958
203
3072
253
3156
3597
4251
3924
2007
862
3002
3746
4542
956
3191
3675
1077
4739
2050
3107
4251
2422
344
3428
3428
4667
4882
4251
1525
3009
752
203
112
78
183
52
1471
3919
3675
2487
2130
4813
4121
4251
3072
628
2036
3675
3809
203
3473
4541
2742
69
3129
3473
1828
3793
4251
3107
2782
1536
2693
1126
1972
112
593
171
3939
366
1077
4303
2486
3107
4498
5017
4323
2636
4542
4121
1375
3482
3156
2487
4052
4293
3597
2647
2647
1671
3254
4266
3256
1504
1375
3363
507
4251
991
2457
3311
4100
2935
4293
3637
3111
3107
1775
4217
4667
796
1383
3107
507
1602
4251
577
5004
2384
4786
266
3330
4293
3675
4251
3005
3940
2792
3107
203
3842
3429
4084
4134
770
2002
4121
593
3939
1085
2341
752
95
3916
1168
779
4035
3201
3231
752
95
4391
2753
4667
4965
3145
1145
3597
4100
1538
1991
4022
625
3675
4810
2759
3597
4485
4542
393
4100
3301
3746
203
1403
5017
2693
4810
749
4834
895
2738
3330
3809
2234
4655
3429
3330
4251
738
2189
3205
4027
1775
3569
4251
783
2396
1456
4251
1085
761
752
3854
4264
1929
203
4329
4834
593
3504
3107
3876
1271
2393
1102
95
5049
4052
1893
4769
4398
2036
3055
900
4637
429
3111
2349
625
2575
2773
4685
4542
4744
4027
4303
3053
4542
2742
3029
52
1788
1887
810
794
78
1768
3984
2773
3163
3675
3107
2007
2687
3301
1568
761
586
3111
3107
3173
2927
1409
3842
1456
2050
5010
778
965
1499
2451
4251
1955
2426
1348
1383
3156
3330
4251
2588
366
2002
3504
2393
1184
1383
2042
4358
4251
3107
2935
956
3675
2006
3428
941
4500
3675
534
3661
2243
2858
4251
3919
4011
3107
779
4810
4904
3163
507
2457
593
1671
3053
4629
1671
3235
1168
4415
1108
2723
4810
3204
3004
3205
1403
1348
1602
1963
429
2425
4251
791
1383
2935
3809
4498
6
244
4364
78
203
456
4813
3107
1929
791
4293
1990
2693
4904
2428
4813
4251
3420
4354
593
3842
2356
2773
1941
4219
4810
737
4332
507
495
1639
4904
4786
1375
2002
763
752
4264
5017
2695
2817
1602
1259
4107
752
1671
3647
3482
4744
1300
4323
1671
2264
2146
3107
3473
2542
4251
2647
583
1387
894
1447
2133
3916
3647
2966
1519
3675
1755
1486
1383
2966
4893
4542
932
3690
3163
1053
3107
2045
2816
577
1409
95
507
2738
4084
3876
4959
4958
3318
4049
156
2654
3107
3429
3235
4542
4676
4251
244
2342
2709
1536
456
948
4500
3107
2486
507
4882
1972
3107
1733
4667
4581
4810
3529
4323
1447
3688
2738
1997
440
1536
3330
3984
3854
2817
1171
4786
1929
203
2034
5076
903
3916
1775
3746
1459
4011
3626
4904
4364
2425
4939
4251
52
1991
3420
1639
1348
2425
4458
3593
752
1499
3191
2935
3793
1525
1568
779
2341
507
2817
4049
2845
3254
4251
3107
2251
3482
3428
4107
5055
3634
369
2773
1647
2843
3231
3343
4251
2966
5063
4965
507
2575
752
738
3946
4577
3163
1259
3473
2234
4882
5010
752
3429
4251
2428
794
2370
2857
778
1536
3428
1383
4398
4121
3597
3191
2792
4251
4927
2782
3661
3577
2773
3429
625
4134
3984
4052
3979
2723
932
4813
2542
4540
2735
932
4813
4904
3107
4676
5063
870
3026
4251
3504
4325
1077
783
4107
2234
2845
4251
507
4121
2782
4332
3869
2251
3029
3330
507
4097
1499
3390
203
630
3005
3842
3005
52
3390
2966
3205
6
4325
2687
5010
1632
369
507
3311
1997
1499
4251
1
4263
369
4048
1671
4021
796
369
2566
2588
3107
2002
3204
1963
2202
985
4251
4027
583
752
4293
3916
3428
3107
4217
4251
2695
1536
2362
4676
3529
630
2966
3005
2002
1423
3661
2006
2845
3204
3005
507
2356
2773
3005
4107
1456
3311
3231
3690
112
791
1595
4810
4705
4135
95
3107
4174
3647
1254
4293
4121
5081
1471
4251
4458
3504
4834
4769
1361
2465
507
1471
3634
4989
2007
4904
1459
4323
3005
2857
3504
4217
429
4813
4904
3675
4011
752
2130
2865
269
752
3107
4810
5081
2970
3739
1433
1897
3330
2342
1171
3647
577
4744
52
3702
3428
1733
269
1085
2817
4958
1955
2709
203
2817
369
1731
2693
333
625
2647
3893
1242
4027
2966
253
3204
507
4251
3916
900
3428
3072
3029
4035
4293
27
2654
4540
203
2007
4100
4810
2426
2350
1243
1322
4939
456
1139
211
4629
4048
3430
3793
1788
3029
749
4323
4251
3107
2426
456
4251
5076
4121
1718
1929
4022
4939
752
791
625
3946
1367
4786
752
737
3593
1555
939
4107
3156
4544
4542
964
761
3107
4305
985
2542
1935
3746
2542
3428
3946
1271
1168
1788
3235
203
3301
1828
2636
456
4121
4810
4398
4097
3107
2951
3299
2146
3026
1339
257
752
4251
3107
1775
95
3577
1929
3504
5081
3002
941
4542
1731
4640
3559
4834
4251
3482
3473
3473
1755
4217
1549
3797
752
4810
1077
3156
4882
3107
4022
2566
3107
507
4959
4676
2784
4251
3473
4485
440
1844
939
1700
625
2597
1139
1887
495
4498
203
1897
4251
4251
3107
4305
3905
593
4739
203
1108
456
2133
1661
3731
103
1671
4251
150
3343
507
4251
4027
3946
2189
1242
2342
4293
4121
4251
4810
150
282
1171
282
3107
2425
3986
956
986
1259
630
5004
4122
4961
203
2487
941
4810
4251
3886
3968
3647
4358
2966
779
1733
1538
1862
4134
2705
2542
112
3009
3107
4157
4251
2843
1339
1775
3661
583
4323
1775
738
794
3107
1808
1536
4667
3559
534
4904
2238
4048
991
4246
4904
3809
203
4676
1768
1731
3733
3675
971
1184
4266
4251
4927
4719
3330
4049
3610
2146
1929
3661
4676
3482
3675
1987
1955
493
3893
204
3702
1671
2165
971
4029
903
3746
3004
2857
1348
763
752
1929
3428
1085
95
52
4810
4965
1324
2189
3191
1775
2971
95
4542
761
3473
2695
4084
3504
1077
1549
2784
203
4264
2486
2045
3593
1733
95
4961
3041
4134
4121
1987
2668
752
2792
4540
4217
2202
3107
2843
2036
1361
2425
4810
4251
2425
1538
1077
3986
4062
4157
4251
3939
4961
1168
3633
52
2742
1830
3282
1536
3156
1383
3299
515
2465
964
796
4027
2773
4961
1414
1897
4813
2457
761
1768
3107
956
1366
3005
4719
3156
4959
3107
3201
112
4084
2425
3850
1053
3330
2465
1671
1414
4989
895
3397
965
495
4251
2917
3733
1536
2045
3347
2296
3343
3420
1383
752
4251
4542
2426
3072
4293
3482
4251
4121
2695
4810
203
2451
2792
4027
4398
1486
507
1053
2165
203
4027
4251
4770
1537
1168
3893
4759
794
2553
1775
1236
3231
2787
1775
4251
4676
4813
2914
2341
4100
4965
752
3311
78
991
1639
4629
4810
4251
1366
3429
369
1108
1525
5042
4542
95
4542
4542
507
1579
4157
183
4904
1077
2296
1862
4217
593
203
2396
1383
3633
3593
203
3482
4542
4052
939
4293
1139
3107
4542
4542
4667
1536
3916
429
507
2542
1403
738
3420
3002
3984
2296
2425
791
4893
4542
4398
2349
1138
1456
965
3053
2042
1887
495
4676
1139
1408
1185
4542
2517
4251
3739
3055
2130
2457
1671
4813
3428
2163
4251
203
4029
4251
2425
2668
3916
2647
4904
956
737
2425
513
862
1456
3675
4542
4048
4329
1755
4810
2654
1963
95
3330
752
4011
1403
1987
4358
752
4251
4391
1383
1536
4027
1768
4794
78
203
3972
4354
4098
4251
2995
1999
396
1077
1171
4323
1595
4577
2517
1963
107
4323
2007
253
313
150
4293
3205
3797
4542
4134
4251
2695
783
4396
1466
282
1157
1383
4217
3541
2457
2773
3473
1367
1929
27
507
2693
3107
1339
4542
3301
2289
2296
4958
4813
3690
3005
4012
2163
253
3299
752
269
2542
3986
3731
3940
4540
2792
3107
1151
3893
266
4323
1387
4485
2234
3055
3919
4498
1343
1963
2189
5063
6
4029
1151
1499
4685
985
2693
1242
583
4810
4861
2341
1775
2050
770
965
69
2341
4810
2742
2695
3482
3107
1602
4904
4062
4542
2148
507
1275
3986
1699
2298
1929
4049
4540
4398
4263
1077
203
3372
4810
2007
1053
2243
2451
3984
4035
2705
3311
2971
1733
344
3869
2487
1053
4810
1579
3984
752
336
761
1955
3477
1383
4498
507
2165
2542
495
2845
4770
4810
4927
4595
1987
4217
4786
4542
507
956
4577
1671
3986
770
5010
3163
4251
3733
507
2425
4107
4810
4264
4293
2588
3372
2130
4303
4251
1768
3173
2927
4542
507
4251
4813
1602
4415
1456
4415
5004
1085
4217
3107
4022
2163
895
2630
939
3404
4927
1409
3924
1254
1053
1499
5004
2384
3363
1139
4541
2384
3675
4927
1647
1307
1151
2705
1409
203
3404
4217
783
1671
369
4052
3005
3107
4251
1602
2428
203
1020
3029
2457
4251
1185
282
1114
4293
4217
3145
761
3675
1595
3854
2457
1077
4251
2189
4293
2709
1671
4332
4121
1999
4084
1990
2705
2816
4097
4323
2705
3311
4810
507
3107
4581
1700
4768
4810
2042
4121
4834
3968
1053
4770
3886
507
4011
752
507
4121
2632
4358
3477
2370
4251
1929
3005
4581
1139
95
4768
2002
1632
1390
3107
956
2575
4932
4810
103
900
3634
4251
2738
870
2050
973
4989
1007
1259
956
3107
3482
3946
3107
3397
203
4705
3634
1768
4810
4676
1275
2588
5076
3771
1151
2695
1854
2787
3924
1972
3002
2189
956
3204
3173
4810
1538
3972
4810
4122
4676
3372
2773
4217
3793
2465
4251
3876
52
4961
1733
3482
4293
1108
4232
2320
3205
1718
3429
4049
3201
1077
507
3301
4293
2384
3637
513
3330
783
4541
204
4251
3702
2362
4157
1185
3793
203
1408
939
203
1242
4794
1398
3248
257
3893
3053
2553
1647
2425
2165
2995
3940
1733
1862
1549
3429
4323
507
4121
2362
4794
2362
796
52
2240
4251
313
2753
4672
203
752
778
4434
4810
3041
1102
1788
3107
4834
257
3661
3979
3597
2865
1808
4323
4542
4810
986
2995
4325
203
2693
1139
3107
895
4052
3733
3003
2742
593
3107
4542
4219
4699
2695
4251
3504
2735
2693
4542
2857
4232
2425
2189
1538
4052
4048
4293
4498
4293
69
4052
4251
3107
4048
52
4744
2146
3939
956
3633
2738
1775
3026
3235
3634
4786
2709
1893
4293
4351
3107
1733
3129
3482
4251
3129
4266
3072
52
4134
203
1456
971
4027
3311
3026
3675
5010
4323
1456
4293
1579
1383
1408
4251
752
4293
3231
2320
1987
4958
1409
4084
2971
956
4955
1236
366
4676
1499
3688
783
1972
3005
1254
4232
4251
3173
3053
778
3107
2784
2575
2036
778
791
895
2597
1085
369
183
203
3129
4667
2693
4965
2356
3986
4134
1102
4217
3972
3482
2050
4719
3107
3347
4251
2597
3107
1077
2007
4540
1392
4542
313
203
1731
3191
203
3634
1699
2146
3504
2647
4100
1
4928
4904
4810
95
2995
4882
3330
1383
4097
4251
1671
1171
3072
4027
1844
2566
4217
2240
4959
2165
903
4685
593
4928
4500
4027
257
3559
203
507
628
112
4251
4810
2566
103
1499
4904
1972
2858
4932
4323
2146
1929
2542
257
4100
52
738
3231
1275
3330
2412
4813
3005
4542
3675
1929
4810
204
1579
3254
3299
507
3675
4810
27
4251
4251
1307
593
1139
4904
203
3103
3690
5076
3746
3733
4541
4786
956
2251
1747
3675
939
1271
4542
1963
3330
1145
1499
1414
1808
3746
440
4027
4251
2759
5010
1536
1536
593
3428
1775
1074
4251
2845
336
2773
440
4777
4293
4100
366
1414
1536
4861
4932
3190
4048
3477
396
3107
253
4932
2036
507
2687
4959
3597
2165
3349
4035
1459
1020
870
965
4251
2289
103
4246
3026
2566
4062
3363
2784
2426
3504
4354
5055
1718
965
3428
4251
4415
3111
4961
4882
2542
3946
4027
95
1775
3428
253
1390
1579
894
1699
203
2517
4927
2234
2465
3397
3637
507
2865
1504
3675
4251
2817
2034
1409
4251
4786
1929
1999
3420
5049
3318
27
4676
3428
1243
3893
3724
203
507
4882
4810
1639
3634
4264
956
4542
4810
2858
4027
4776
991
4768
4293
4329
4542
3235
5010
3107
1595
1275
2927
3986
3107
4810
2742
3946
1671
4434
791
4293
3809
4542
4029
4699
4157
507
1639
3397
4739
4027
770
4542
2240
4391
4398
4739
3854
2927
2709
4135
3905
266
3569
761
203
1020
2746
2709
95
985
2995
794
3986
1999
3311
903
3482
3986
2234
2238
4756
3675
2042
4577
3916
2966
3163
4810
3793
3107
5055
1139
2189
3163
1733
4813
2951
4027
1423
2735
507
4251
2759
1007
4219
3675
1536
3247
965
4961
1775
4293
4294
783
1366
4251
507
2007
1999
3299
2298
941
2784
4293
1537
1403
2234
5055
5076
4052
3916
1398
4325
2834
2753
2597
52
3163
4810
2425
3850
4084
3702
1151
2746
4434
2695
2753
3919
3107
3972
2146
3129
3107
3541
4332
3107
2914
1126
3349
3247
4323
3739
1929
2966
4786
2792
3347
3428
2575
3107
2289
3107
4667
3191
1775
3477
2240
3702
4062
3675
3107
1236
183
4251
2451
2007
810
3675
2738
791
3504
794
5055
3718
336
4667
3428
2970
3107
456
783
4542
1108
4810
4329
3724
752
1259
1307
3343
4719
583
2693
4293
2384
4251
1499
95
3231
1538
369
4323
752
1275
2575
4084
1862
3107
2542
1955
27
783
4391
4323
99
4251
3675
3675
4323
5004
3204
183
2356
3103
3107
1929
4590
3002
583
4027
4097
69
4107
2465
4786
4902
3311
1254
586
4813
1775
4904
3173
1139
1114
3055
4251
1366
4676
4293
156
2845
4719
752
1403
4959
5081
1486
4052
4251
1509
3256
2007
4122
3191
52
3482
4609
3363
4595
4029
4246
1536
971
3504
3577
4293
2746
1987
965
3301
3647
2935
3504
3675
6
4500
4022
4251
1236
3675
4415
4251
1830
4122
4676
393
752
3610
4232
2784
4364
2045
1733
2412
3390
3107
3205
3661
4251
2654
3349
1343
2759
203
4813
3675
752
507
1955
4699
4251
973
107
4958
203
3842
971
211
1555
749
1174
3504
495
2426
3107
4415
203
4398
1671
1581
1240
752
3173
3746
1242
1456
737
986
761
593
1053
4100
1549
1775
778
779
103
1768
4294
3482
3347
4048
1775
3919
2428
3504
3675
3002
3163
415
2243
95
3809
4323
1747
4770
586
4500
1755
1271
3107
3299
3205
4251
1392
3559
1409
1408
4810
4323
4293
3559
3107
1348
3477
1300
1085
3675
5010
2695
3675
4485
3661
1755
2542
2970
4121
3597
4251
1602
4810
3473
3311
4882
1509
203
1929
3256
4813
3634
1747
1499
4777
4251
778
3972
3390
2422
1504
5004
3482
3055
4391
3482
2007
752
4391
1184
4904
1990
2647
3163
2486
183
3041
1893
3429
1568
1536
2927
4902
4121
4293
5063
2705
515
4928
4927
2735
1775
1536
1671
2834
870
794
4251
4927
4542
4705
4770
507
986
1595
2298
3634
4134
4810
333
1392
794
1456
3107
203
2695
1
4251
4882
3107
2189
3477
3869
1447
2970
3190
1077
1361
1236
3397
900
2341
1259
1409
4965
2615
752
1775
4676
369
1647
2034
3946
3482
752
3111
749
3958
5076
3905
1053
1348
2426
2350
752
1509
3675
1366
3107
3702
3924
1409
4293
4329
971
3876
3618
1275
3504
4219
95
4344
4396
2971
3107
5055
4577
1409
203
3916
1456
4251
2422
3940
5010
903
52
3055
3477
3026
4810
1768
2189
5042
3473
4776
1568
4989
1275
1471
4294
1433
1828
2668
1504
1671
3201
2034
4052
4100
903
3363
393
95
770
2189
393
2165
1151
515
1392
738
965
3690
4542
1671
1632
4251
4542
1139
253
507
507
2036
948
3661
4904
4577
4027
1236
3661
4640
3201
3429
269
1108
1085
3746
1775
4904
2165
2451
211
2165
1145
2036
2534
3003
4251
2487
2723
593
3482
2002
4174
3886
2857
3107
52
3675
4029
1844
1733
1579
1171
4323
2384
3984
4928
5010
4293
4595
203
1466
4048
3205
4251
1375
3002
737
2693
3190
1768
3569
203
4904
5063
1733
3428
625
1775
4084
2753
4770
2042
1139
3473
4768
903
1102
2630
4246
4107
4542
429
4810
2966
3618
4904
956
1632
4398
3330
3876
1537
986
4293
1699
4498
4084
1102
4542
3634
1409
2575
2426
2746
1456
1271
2189
3248
150
2240
1242
3939
1504
4719
495
2289
4595
4609
507
2816
1383
211
3893
2742
3107
1240
52
2393
1632
1775
3984
1602
4303
2735
3299
1408
4893
4135
2234
783
4904
507
4157
2588
3191
1639
257
3746
4251
4834
3235
1733
112
2857
3661
4676
1108
1259
1987
2630
4251
3809
2243
1844
1447
2542
4904
4719
4904
4542
4458
586
3634
1768
4251
3107
4939
583
4251
4121
3809
1243
3282
1828
3428
2861
4810
1387
2695
1339
752
3972
95
794
1887
3675
965
2296
1549
4052
796
95
4882
1509
3191
2671
3637
3404
3330
3107
4719
1387
2966
3397
2742
4813
3428
4882
4027
4958
336
3675
5010
1775
1661
112
1647
1775
1499
4027
1108
4928
1647
4134
4719
1499
4052
253
3771
3256
4777
253
1456
3610
4122
1367
1185
2050
3428
2486
3107
4770
761
3301
4540
2792
1383
1184
4794
4485
4323
2426
3349
4251
752
507
948
4904
4021
2465
1854
973
2240
3731
3107
1536
3107
965
2709
3597
4121
1310
4810
1
203
1365
4958
941
3702
4396
4107
4813
2817
1731
52
4939
3026
2865
3809
4932
4542
4958
3404
3842
2636
282
2457
1447
1108
456
3404
2130
3946
3634
4293
2792
52
1456
1366
3958
203
971
211
2705
203
1383
2693
1456
1549
2243
4263
628
3107
4813
4719
4121
1568
1392
1348
2487
3005
3191
1632
5004
4251
1343
3005
4293
203
3940
4251
2746
2753
2189
4251
4048
4810
2723
440
4810
4939
3145
2356
4293
4542
4961
4699
1602
4719
1343
4251
3201
6
4810
2857
3330
985
4219
810
4048
3256
2356
440
3559
4217
3854
4541
3984
3318
4251
2384
1108
2695
4882
3107
1403
1403
4251
5081
4325
4810
4485
3107
4958
3004
3634
4251
27
1447
1639
203
3626
1139
3103
4251
1459
3005
4293
95
4810
6
752
3256
4264
203
1184
95
2735
3809
3482
4719
4655
2007
932
4810
2636
456
4756
1941
1775
257
1348
2995
4251
4135
4251
3869
4251
4325
4251
3311
2341
2575
939
4325
1409
4904
2865
2735
4813
3107
971
3504
965
4904
1077
779
112
3702
5010
3482
4939
2742
1747
4122
313
3003
440
2566
2296
4769
203
103
2296
2845
3201
183
4391
770
2705
1768
3504
2857
4458
1366
2935
4770
2834
4391
2234
4293
3746
1941
3541
2356
2753
3107
103
1504
4904
3103
4770
2630
2165
763
1671
1240
1139
2165
3634
1259
3675
810
1139
1343
4540
3129
1555
2575
778
1383
3428
1184
3661
2133
3026
3330
4893
4958
2759
1595
4217
1077
203
3886
107
4052
2995
253
4134
4810
1999
4542
752
1242
183
3301
1138
4498
2632
3397
183
3940
4121
4012
3869
1731
586
4542
3107
1392
1102
1139
4305
4351
1862
3733
870
2857
4813
369
1929
4323
4251
1775
3940
794
257
211
2792
3541
2693
4834
52
3163
3675
991
1999
393
3254
1862
1151
4251
4251
4072
4770
4247
1549
3072
253
112
1768
3482
4904
2356
1459
3809
95
3504
3482
4810
2425
4251
257
1348
4052
1275
2742
1456
1671
862
1990
4810
1661
4542
2451
4293
4768
4614
4904
1536
3690
2425
95
4770
4107
941
779
4813
3397
396
2695
2396
5055
4121
4251
2130
1307
4251
3231
3946
4810
2575
253
2384
3107
3473
761
553
3924
4927
4100
4364
2995
749
593
4251
4810
3111
4157
4323
4485
4685
1074
4581
3724
2002
4323
1366
3504
3634
2951
1929
4266
4263
156
3733
1671
870
27
1398
3473
4251
4219
752
2544
956
1595
1788
1139
4263
456
2234
3626
3440
203
1999
577
3893
3482
1275
1366
4485
2843
4756
3026
4323
4305
4344
2588
4813
3541
3107
749
4121
4577
2843
2426
3690
4810
2341
3163
4398
752
4134
4705
2238
778
244
2189
2858
4744
393
2654
4902
3886
2148
3972
4542
3577
2465
2165
783
3163
1568
3809
2350
3504
4961
4266
1486
779
2425
4264
211
3793
4074
2843
2861
1242
1466
4415
3417
2370
3661
794
1423
1409
2243
1844
628
4022
794
1671
4794
1114
4542
5049
1538
4332
2935
1595
1661
1240
4541
1499
4251
3739
4629
3005
2738
4434
1085
4904
1348
2412
4217
204
4756
3972
2738
3330
2238
3256
1343
3610
1519
1768
4027
2588
4022
1236
3733
2036
4293
2753
4904
628
3430
4770
3675
2165
3107
4323
4542
1536
2746
2671
779
4011
4217
3559
4485
4029
203
4052
3111
2165
2735
1375
737
4022
2742
1579
749
4391
1775
973
4251
1987
99
4810
1775
5055
103
4813
4739
1007
761
3397
257
4021
369
2671
752
2457
2350
2550
4541
203
3107
507
2709
2457
1423
752
2630
1300
244
2709
4813
4813
3809
2647
752
1324
3634
586
3397
1236
3986
4251
4027
1375
2693
4318
2163
3103
4904
4786
783
1365
879
3634
4667
586
3482
4217
3107
794
4776
4540
2517
3972
4398
253
2695
2935
903
1671
4810
3926
2465
2927
4813
2243
4052
1536
1955
2465
3675
4251
3145
1254
2695
4251
5017
3746
2002
1718
2695
3428
4121
3429
203
269
1459
4072
3986
2542
3430
2588
4667
4048
3107
4323
203
628
1767
2753
4121
2384
794
1242
3893
3850
752
1935
3577
1398
3107
2342
3690
4768
1941
973
3504
4810
3482
4251
4263
4904
2189
2264
3231
879
2457
761
2465
3504
3477
6
3702
2632
3429
2695
3301
2787
586
1242
3986
971
3428
4810
1504
3041
5081
5042
4813
513
2320
3330
3876
2362
6
4293
1538
2693
900
1929
4251
95
3702
4770
3005
2356
4048
282
2006
2384
3939
2189
3593
4685
2163
2792
2995
2693
3647
948
4251
4813
4122
415
1862
752
1383
1536
2575
3482
4344
495
1409
1788
593
4398
495
4062
2858
894
3145
369
507
2695
4813
2165
4293
4072
1259
1339
586
1671
4323
2917
783
752
1074
4500
1403
3349
3886
1139
1409
2425
3869
203
4217
4810
3390
4719
903
3482
103
1108
3254
3129
4323
3301
4810
1324
4107
3675
2534
440
3854
778
507
1671
1699
1456
78
4699
4052
4544
3205
4251
1555
1390
4027
4861
2486
1639
4590
1077
4232
507
586
1184
3156
628
2396
3675
4655
1242
3163
1602
4810
2792
2575
971
3675
2189
791
3173
4251
5049
4323
1504
2238
2636
1151
1275
3107
3939
4048
4904
4266
2370
1139
4768
2457
107
4810
4813
69
1767
4958
2296
4325
630
3482
3107
369
1383
3504
282
4542
1259
4902
2566
4052
4264
4904
4219
2396
4293
4759
4251
1581
1830
2050
3504
1509
3311
4251
2792
3055
593
1828
4107
3107
4251
2784
2588
253
3430
4810
203
3854
3647
2966
2773
3107
3111
1108
4485
4084
95
495
4084
3420
1768
4303
4810
2550
203
3428
4121
3107
507
1077
2487
4022
3107
3702
4293
4434
103
1536
3905
1929
3201
4932
440
3675
1409
4434
1466
4121
211
5081
4813
1392
2189
4318
1519
1525
1768
1775
2588
4542
3201
3482
3055
1999
1466
2723
1126
3504
4251
3156
4485
4770
203
3702
1887
3299
4251
985
4251
4011
1447
4637
3397
3343
2742
1671
5004
4777
4052
1504
4739
2146
1733
4485
965
3504
1383
3724
1243
1549
761
1755
1941
2428
1699
3984
4810
4354
203
3107
1020
95
3593
4266
1828
3311
2486
4932
956
5055
1053
2296
761
3107
269
2816
3372
1447
1343
3718
2742
3156
1499
534
2784
1775
3610
5010
1185
203
203
183
4629
894
4062
3986
3984
2738
2773
203
4759
1555
3003
1403
4052
2857
507
3647
203
2517
4813
2457
791
593
3429
4097
1242
2165
2709
3026
4107
1499
171
415
4303
183
2234
429
95
4577
95
3675
2636
4813
752
4541
4932
4542
3428
4640
2927
3107
1671
752
4786
2773
2356
4396
4786
3473
95
3204
52
1767
1102
4961
4354
211
4217
1383
1767
3026
939
3103
3026
3428
1466
4011
4107
4048
3235
3869
1108
3397
752
1300
507
103
3504
4344
2036
3477
2914
3746
1536
895
4904
2630
1808
1375
1768
2971
4251
2006
3428
4904
1275
1671
369
5076
4325
1339
112
1447
2007
3107
3939
269
4251
495
4011
1007
5055
4542
4485
171
4810
3675
2036
4251
4052
4882
103
1997
4134
3946
103
3675
3984
3634
3156
4932
2189
1549
3473
4323
3330
3009
2668
2298
95
879
2693
3688
1108
2575
1361
3979
3005
4048
2746
1240
4035
4391
3372
4904
3746
3107
3482
2264
1365
2487
3637
2597
3429
1383
3397
2189
4251
3330
4011
3330
3440
3343
2034
507
4251
1581
625
4961
3282
4121
3103
4614
3156
1403
2740
1671
2550
4048
4097
4052
3690
5010
2966
3330
4655
4029
3002
1504
4251
507
1077
4786
2632
1403
3984
4293
4955
1409
971
1854
3163
3541
1053
4581
1997
4577
2782
4251
956
4958
3986
3733
1383
203
2148
507
4048
4813
3482
2007
903
3009
1348
95
4640
3107
1555
2735
4595
4676
1151
932
1151
203
2320
1151
2251
1392
1768
3330
1581
3190
894
1383
171
203
1963
3675
770
2995
1499
4756
932
794
493
1447
586
752
2792
783
4770
112
4251
879
3254
1322
577
3569
2792
1236
3103
2773
2006
2425
3428
3330
4027
3254
4157
1733
211
2817
752
282
1499
956
1671
2007
4882
1731
1383
3191
2384
3363
366
2298
2857
2007
4756
4052
78
4810
3504
1733
313
1671
4485
3797
4293
965
1568
95
95
3718
1509
4705
2668
903
1151
2542
2746
2234
3330
1398
3107
1236
2298
1555
1788
3235
2817
752
2566
2753
3482
4810
3428
95
5010
4121
4251
4391
1174
2007
763
3107
3107
1808
1348
3905
1999
749
3029
1661
4251
4500
794
3984
4637
3256
3972
1108
3247
752
4485
4251
3893
4084
2050
1499
3107
5010
2857
4251
507
956
3301
4251
3473
4251
4777
794
3428
507
2426
3731
4022
3797
4247
366
2426
4251
3191
3029
95
4391
1955
4251
941
3702
1808
2773
2393
4768
1077
1387
3688
956
203
2042
3504
3190
4398
4251
95
4959
779
4251
3482
5081
4810
1990
3984
3850
4542
2917
4029
956
2486
752
2654
3055
3390
3793
3204
3330
2687
3235
749
2759
3482
3428
3397
2457
3986
4685
3191
2792
3473
253
3559
3972
2393
2742
2370
4932
2425
4813
2845
2202
1536
5063
1409
4667
4810
4810
2935
1114
366
2426
939
2465
3428
3718
1139
586
4323
4084
4786
4637
4293
3318
4027
2534
2566
3417
1171
4989
1536
4251
4614
393
507
3924
507
2615
4813
956
3634
2465
3771
2189
2486
52
203
2542
3428
2742
1074
2759
3675
3482
4810
3919
1486
749
4810
4904
203
4739
3702
2742
2189
3107
2342
1536
752
894
3504
4810
3107
507
3746
95
1929
4219
4251
3972
3107
366
4813
4927
366
2845
4786
1862
3191
4398
4415
3002
737
3003
1077
3330
507
956
3946
4266
3005
2451
5004
3593
2042
2362
1775
4323
2995
4391
4904
3397
3107
2687
3482
1972
1747
4810
4052
2865
4861
3107
2817
1367
3637
1854
3107
507
1145
4640
4217
4027
1174
515
2002
4354
1074
3235
507
1339
203
203
4084
3634
5010
1348
794
1755
4266
2817
95
879
3958
4048
1254
1499
1171
783
3504
1775
2412
4293
4810
986
1647
1171
4251
1447
4251
4027
752
4251
1595
3107
2457
1595
2146
3343
211
4251
3428
4074
52
3482
6
1887
3330
965
4989
1499
900
3201
4776
95
3690
1632
4121
3440
4961
1184
948
1699
3311
3724
4667
1661
1775
4759
2296
4813
4834
1423
3029
183
2007
4121
4027
4247
507
253
3145
4121
1456
4052
1310
103
4744
3156
2995
1185
4577
4786
3107
4959
2465
1139
513
203
2341
3005
507
791
2971
3724
27
4251
3004
1519
3876
956
3675
1775
4861
2566
4834
2668
2457
1536
2007
4544
1768
4266
4048
4251
3330
4705
628
3924
3939
4323
4810
939
4882
2857
2858
2251
3482
203
4396
3002
1499
4542
761
3482
1893
1471
1499
3129
4770
282
3330
203
2457
4323
1718
1808
2705
3637
3397
4251
1808
3299
1126
3107
2735
3204
203
3107
1775
3869
956
3107
3282
4251
3968
1366
4251
211
2289
2296
971
3504
986
269
95
203
1466
253
3675
2735
4293
948
95
4813
4810
4174
103
3731
4672
2425
1755
4759
1387
4759
1639
1639
4098
2425
3330
879
973
2050
4786
3946
1671
1254
507
4251
3231
4358
2597
4293
1929
2412
4965
1700
737
3637
3026
3504
2632
1671
3372
2995
3482
4121
2202
1671
2843
1775
1236
4391
2817
4074
1987
4122
3330
4777
1236
2759
183
4251
1085
253
3618
4927
1348
4293
4027
1632
4232
4699
3876
3145
3661
3529
752
1768
3026
5010
2735
2773
2457
2356
1661
1997
4122
4810
4768
3072
3886
3111
4542
3661
2834
1168
2465
507
2298
3318
5010
3428
4667
3428
4500
770
4810
1102
791
4251
107
964
4398
2784
4084
507
4219
3634
1151
4861
5055
1414
103
794
2006
4251
810
956
1747
4251
3103
3946
3577
1595
3107
1392
2425
4323
1409
203
2575
4121
4049
4485
3107
3675
3690
3107
3107
3984
4074
1941
3330
4904
253
3330
4705
4676
4084
4251
1788
971
4251
253
3675
1671
3842
3107
3504
4739
2238
3107
4756
3404
1632
4498
4121
3156
5010
3107
2384
4251
1700
1387
3675
2857
4544
4251
2858
4813
2588
3235
4932
1085
3107
5081
2146
763
3005
3204
4293
4542
4251
1581
2362
3675
1242
1595
3893
2425
1991
2857
4904
495
4293
3343
870
4022
4329
3972
2615
3972
4434
3482
4542
4251
4542
4813
103
3926
3428
1731
1085
4810
4834
593
4100
752
4928
4667
4577
1403
4011
3002
2914
4810
3282
507
4434
415
3429
1499
203
2342
95
2165
4029
2349
1139
1632
4251
3869
1108
3107
3029
2350
3473
4121
586
593
4323
4121
3156
4107
1020
4251
1236
4251
948
3005
2693
3675
3577
95
3163
3428
3005
4932
507
52
4861
2238
103
4699
3637
1409
4100
1409
4251
3107
870
52
3972
4251
3876
4928
2970
3634
3404
2428
4498
369
3231
2671
4542
4052
3349
4813
3919
752
2007
4251
956
1324
3746
4121
3428
3107
737
4293
3107
4251
5063
4318
1139
4485
6
794
791
4542
5010
3163
1499
4810
4048
3986
3107
1830
3330
1383
2148
5010
1343
495
4323
2234
1536
3618
973
628
3746
779
1392
4810
1085
253
1053
2148
2341
3404
3675
1151
738
2425
1447
2738
796
3504
4022
1259
3235
4107
3235
3107
2007
4121
3440
2845
3235
2457
3256
3690
4107
2202
3420
3618
112
3504
2341
3688
3916
99
156
4251
2393
3107
3610
4251
752
965
3809
5063
5004
3330
112
1499
1671
507
3919
429
2647
515
1139
3247
4303
4263
4629
965
211
203
1375
1499
4676
4027
203
3482
2723
3675
2773
3924
4048
95
4813
4637
4048
3634
1459
2234
4759
203
4637
5076
4629
1499
507
1486
3577
1538
203
4251
4027
1941
5049
1456
3482
513
253
4232
1733
2784
95
1409
2845
3986
2457
203
971
2575
4052
4676
4021
1348
4251
203
2006
4121
3235
1929
4219
3690
1941
1139
1941
2597
1414
515
3055
1138
2735
3675
507
1733
3504
3026
3430
1525
440
2951
3886
4810
1403
1997
282
4485
2384
4485
3482
4266
2342
4959
5
4251
3610
4251
4323
4932
4667
2238
1077
4107
4904
112
2746
1499
796
1700
3809
2036
971
2773
4052
3733
507
2396
1403
95
3145
4542
4121
3107
3675
2687
4107
1632
2630
4904
3330
2050
4107
2393
2544
4351
156
4882
4029
4293
586
4581
3041
1671
4542
3330
4022
4485
4219
4810
4251
3675
1549
1499
3916
4810
3946
4251
4011
2356
752
107
5010
1271
4542
1139
810
4293
4134
1755
3201
4074
791
3637
4022
1830
4323
4810
4325
2857
1102
1390
3107
4810
4323
171
1254
1236
1602
4676
5063
2457
1020
2792
5010
4325
783
4810
4100
3107
1139
4048
5076
1504
4232
3420
761
107
495
1536
4035
2165
1768
4770
2917
369
4251
3577
971
3634
2693
1275
3397
4251
3946
3739
156
2865
1414
2773
1375
4011
1447
4052
1987
2296
4251
507
3634
2189
2695
2857
737
1647
4813
2146
1929
2693
4251
4022
810
507
4810
2773
4325
3231
2588
1499
4904
1392
507
1536
1671
3343
3107
2341
4293
749
3634
3504
1339
1887
4084
1733
2917
2966
3107
2738
3702
2486
3156
4251
2693
3946
2995
1139
4542
4323
2695
1991
3107
3390
4029
3626
2133
1775
3235
493
1392
2296
244
4813
4810
1991
2738
3482
1236
3482
3559
507
4247
3026
3842
1499
244
4813
1808
2289
2858
783
3072
971
1157
3979
1595
4958
2465
779
1536
2007
183
3428
2695
3675
2370
894
2341
1271
1409
3003
4810
366
2189
4434
4861
1077
3026
796
4232
1987
3301
3429
1275
4097
1536
4810
4217
3009
4904
3634
4251
4595
3597
1767
1375
4251
1390
4770
282
1639
4810
1929
4810
971
593
1236
3041
1403
3004
956
4770
752
2740
4264
2759
52
1990
1972
4219
1972
1887
5
4293
5004
4904
2845
1990
2289
593
4251
4135
393
2834
3041
5010
783
2426
1108
3946
3968
4251
269
3041
752
4098
2951
183
244
4810
4251
95
2845
1893
2865
3343
3107
4904
4581
3504
2693
2036
1632
4251
1077
3718
3482
4813
1699
1990
794
4719
1324
4121
4391
3107
2784
3482
1509
965
4542
2542
507
2320
1671
156
1423
3429
3984
1768
4542
1504
1671
1671
203
3107
4810
4325
1536
3979
783
203
1595
6
4640
4121
344
3129
3482
1828
3103
3482
4958
4776
1243
2588
2457
203
3009
1108
5076
4121
3190
965
1768
1466
1768
507
4777
3771
971
4398
3597
779
630
3107
965
203
4022
3771
1383
1671
3301
507
4157
203
3204
396
4251
3771
52
1447
4251
333
2632
4989
4305
3504
3675
2695
3940
3235
344
203
2240
2370
4217
1504
203
4810
1595
1300
3482
211
269
3958
1775
1185
2695
2782
1254
3984
4542
3986
4251
3235
3204
4293
3107
4904
5010
4667
4904
3107
3482
1171
2995
2861
4810
2787
5004
1085
5042
52
3201
3972
3026
244
3002
3330
95
3633
1718
3107
3724
1536
3939
986
2264
1929
4542
4810
900
3301
1775
3107
3004
1307
4810
956
507
4786
2632
4904
3107
1538
1242
3318
3724
1499
1862
752
507
4122
1671
4049
2341
4219
456
4958
4247
3247
2668
4052
4251
4768
4329
3634
2342
2935
2426
4329
1456
3482
95
4542
2189
1171
3634
4500
4107
1555
3647
493
4251
171
5
4590
203
171
3311
2817
2746
1414
3733
1077
3107
150
3107
738
1139
4027
1768
4251
4834
1595
749
203
4542
3618
6
2356
1671
3504
986
3477
4989
3793
1929
1324
4052
3420
4595
4251
1390
5017
1271
3156
4542
3986
4251
3675
253
779
779
4813
5063
4786
2238
1456
3254
4251
3343
2165
4813
1504
3637
3850
2792
4609
52
3842
4027
4251
112
3972
1536
95
112
3107
879
4391
3201
3404
103
253
1409
2426
1887
4098
1077
2817
783
4323
4027
1755
1844
752
2636
3940
965
1733
3634
4542
1367
4655
4810
3429
1240
4035
4882
2396
4540
95
1602
2296
2693
440
971
4676
4813
4049
4961
973
507
4323
593
5010
1955
4498
3363
1392
4498
4251
1987
3107
4810
4904
1499
4098
3473
3254
1808
4134
1383
3235
2451
2050
2951
1366
1647
4904
903
3577
4398
4629
4122
2746
1718
4958
1486
3504
507
1788
593
1536
4676
4810
1053
4323
3482
4100
4323
3002
763
3610
3675
4882
3247
3718
5010
493
894
1240
1536
2234
895
534
1184
269
1236
3299
4500
3637
965
1579
4354
4958
4293
2738
2146
513
4364
3675
4904
183
4100
4121
4398
4939
4810
2045
4904
4769
4955
1647
2816
1671
4810
4266
964
4029
1348
2971
203
593
1392
783
3026
4121
52
3397
4810
3311
4719
2006
3002
3919
4939
2349
895
4217
752
4813
2384
4904
1504
1114
4759
4052
27
2486
3984
1602
282
440
4251
2857
52
752
2251
2189
3634
1310
3610
1595
1788
3473
1077
4719
107
4810
4217
3311
507
2787
5055
3477
1536
112
4810
3041
1897
4577
1456
2735
1499
4810
3041
3647
3946
1456
282
3688
253
3248
203
3204
3690
900
1259
1403
203
2036
4719
965
4705
3979
4217
4121
4540
3107
3675
3107
203
4293
1519
3886
779
3559
941
4810
2782
1733
4022
932
1456
2746
2189
2773
3347
1020
3201
456
2428
4810
2784
948
3072
4121
4810
4893
2002
3372
3718
1383
3330
3647
2457
3746
3634
4303
2817
1499
4084
4581
4251
3002
4329
991
4813
4251
3482
1788
3107
3626
964
333
1184
1367
3107
986
3504
964
3690
495
3428
3854
4786
4251
507
3318
4786
2243
3675
3072
3107
203
4542
1768
2465
507
1085
1602
253
4928
3311
2007
2865
2773
203
1085
203
4581
4590
4640
4323
4294
1242
171
3940
2566
752
1972
2487
2165
507
3702
1456
593
4810
1383
939
2006
4251
3343
2465
3026
4251
3869
4293
4932
6
4027
3107
1499
4398
3771
593
3107
203
761
783
3107
3986
3107
4904
3797
4676
4011
507
4786
4672
1828
1486
4590
2630
2165
2632
3428
770
3190
4834
3107
1767
4305
4391
3005
2457
3429
4614
4813
1509
1972
4022
253
1755
4810
3072
1414
2575
3702
4398
4294
4927
770
4794
4629
1392
211
1862
429
583
4434
1322
752
1929
4052
171
2542
1387
3733
3005
3053
2542
3986
1077
495
4293
3926
203
429
507
3504
507
107
1632
2243
4232
4595
4904
4939
5055
1536
3107
3958
3231
1126
2792
4542
2834
2356
1671
269
4100
1375
4318
3986
1788
2341
183
2865
3482
3156
3390
4500
3254
2426
3429
3330
4049
171
1788
752
586
3482
4541
761
4293
4676
752
1157
3311
203
3428
932
1595
2575
965
991
4485
1171
4542
2792
5010
3724
4961
779
3163
1768
4251
3029
4939
1414
3163
4786
1184
2861
4121
4027
1307
103
4134
2845
2709
2362
4084
1581
1348
4048
95
1236
4121
1053
4052
1383
3482
3029
1409
2575
3428
1499
1185
2773
625
1830
95
1536
1339
625
4500
2002
2298
3577
3055
4251
2971
2630
4928
4251
4810
3235
1537
586
4590
1486
4904
2914
6
203
4500
1632
2251
3597
4048
4251
3107
507
1367
4358
3397
2668
3301
3107
4251
956
4251
3731
95
3003
2817
2350
2296
879
4904
1375
3107
3428
1456
495
2995
2146
1538
4813
4022
4770
4667
778
2695
4882
269
4699
3869
1499
52
257
3972
5010
4904
3248
4768
2782
4251
2695
4107
1322
1671
3005
4293
3005
4542
1240
1700
4813
1240
3430
1108
2693
5010
1348
4629
4810
2746
4810
1390
3940
4676
1403
211
3809
369
1525
1768
282
1647
956
2393
4011
4323
4251
3731
4655
3634
3003
2792
203
965
1963
313
1568
1509
203
4022
3072
3002
4157
4293
2234
2695
1486
103
2412
269
3637
4134
3107
3156
253
1077
3430
1602
2695
3504
3055
2148
3041
4810
4770
2817
1509
3690
3107
4904
95
5004
107
3103
4810
2426
3675
1671
2971
2036
3733
4542
1935
752
95
4029
2457
3041
534
2742
939
4121
1307
4351
4135
282
3107
3231
3690
2165
4810
4107
3107
69
203
3003
4904
4251
4904
1322
2457
3637
3107
203
4542
1893
2742
2753
2773
2784
3107
1367
4904
3107
3002
4266
4770
3235
4251
2615
369
1602
3390
4305
1456
4035
4266
553
3235
1602
4251
4251
2036
4062
4358
1102
1139
3005
1459
2630
583
203
2534
3972
956
1383
761
2740
4498
3850
3905
3003
4810
3690
1632
3675
4247
1897
3107
1126
1126
4637
203
4022
2036
1887
737
211
3107
4293
4904
3428
4542
4251
1632
1568
3390
1987
3330
4882
5010
203
2362
2542
1007
2422
2350
1185
3739
344
4810
783
4667
203
4813
2050
903
2630
1538
4705
2740
2636
1929
1236
4542
4027
3347
3163
1139
2792
2240
269
3739
2163
507
4955
3793
3002
3349
4251
2006
2636
4939
2296
1568
3041
95
4542
1243
203
4544
1893
1499
3191
3610
3041
1929
3247
4251
4052
1403
2341
3330
4251
4251
203
5010
779
2148
4097
3205
2002
2384
4904
1174
4251
1259
3688
269
4391
2817
4904
1447
4542
1403
1595
2457
4107
1929
4251
939
507
3005
593
5004
4251
3248
2759
3256
2146
1139
4174
4022
282
2615
2534
2834
2632
3201
3343
3190
95
2426
3372
3204
3647
894
4705
1184
3163
895
4121
4398
4904
4134
4813
203
4961
3107
5017
1999
738
1808
3191
3107
4961
1242
2002
3330
1632
2341
4498
3739
1768
4263
4084
4029
2695
513
991
5042
3504
1999
2817
4904
4251
4810
1184
1077
107
1893
3005
4629
1768
752
4035
4029
4358
3053
3690
4810
1579
369
4577
2007
1897
1236
203
1536
203
3626
4542
3724
2251
4052
3129
4134
1581
3919
1929
783
4810
956
2146
1157
5063
1456
1053
2914
3301
3107
3301
244
4052
3529
3201
1383
507
3201
1145
3107
2349
2426
507
2597
369
1775
4251
1632
3429
625
3107
985
2296
2575
1139
2034
3842
1367
95
1731
783
3675
3504
1733
2133
211
1077
3301
150
3107
1114
3618
3690
4027
2966
4251
3958
2163
4861
3311
4029
3107
507
4293
4955
3541
2597
4264
2045
3905
4542
1020
796
4251
4667
3529
4074
791
3041
630
4107
4756
4542
4219
794
939
2630
1383
4012
4544
593
3005
4672
4027
3107
1459
3675
5017
2575
1459
4027
3429
1343
4266
1595
737
2165
4676
3205
3504
1139
2630
3254
4332
4364
2705
1747
5010
3972
1403
3529
3946
3191
4318
752
2753
3107
3163
52
3504
112
2995
4810
4810
4391
4121
4609
507
4021
1504
4251
4219
752
5049
3053
203
4052
253
3675
2816
2935
3107
1240
2045
1403
3282
3004
4904
203
862
2792
4251
2843
5076
1456
2238
4705
2597
3072
3072
4810
3347
4134
2746
3809
1236
2966
507
5063
5017
3986
4251
4786
3984
3349
2782
3107
973
257
752
2917
4027
3254
3577
4672
1020
3330
1408
5017
3972
2575
2384
4958
183
794
3940
2465
203
2636
2746
4961
2550
2130
4810
1929
3661
4012
4485
1
3916
3610
203
52
2792
2784
107
440
183
3919
3647
3482
4542
5081
3107
1504
2865
3420
4251
2243
2243
3482
366
2148
4882
2995
244
4084
2002
2845
2787
1053
3072
3919
1602
369
2165
95
3107
3637
2130
3634
3675
1085
4590
4637
4048
507
2966
1987
4927
112
4264
3201
3919
1322
4246
1324
2735
1972
4770
1671
4293
4939
1499
586
3675
3107
3504
3256
1236
2341
5055
794
3347
1862
4932
4904
4810
2350
203
2787
4062
4247
3946
1348
1053
1300
103
4637
4989
3235
2412
985
4084
3248
939
3330
3473
2356
965
965
1929
752
1447
1929
956
3688
577
5049
2146
1941
2189
3541
1499
4107
3041
3372
2534
3107
4705
2457
3661
4542
4323
4810
1307
1243
3972
3634
2393
4739
2857
3504
3690
1499
3107
95
4121
965
3972
2370
3504
4293
4739
3946
2007
5017
1671
52
3005
1139
2036
3482
4961
1700
2971
1537
1240
4810
1085
3647
1151
1392
2575
257
366
4251
1456
1259
4107
95
2045
2575
3675
4134
5076
103
4667
203
3247
440
2362
4027
253
2234
52
1348
3618
4135
1536
2834
3397
752
1053
4810
3107
2542
3103
779
2695
507
2695
183
3256
507
1731
4251
3053
4932
3330
3005
1767
4048
2792
4813
1647
203
3597
3793
1536
593
2384
3854
103
2412
2843
3610
2487
956
4251
1390
4027
52
4813
752
2362
4928
3156
2238
4434
103
1581
3107
1581
253
4544
3107
369
5049
630
3473
4959
4542
3256
4251
4770
1828
2298
3876
4251
5010
586
333
4121
3634
3428
791
1499
203
4263
1862
1254
4637
2588
3254
4325
5010
1254
4705
1408
2130
4021
895
3482
2425
507
3282
4264
4932
507
3690
4323
1361
4810
1053
4364
3940
203
1145
1929
2006
3107
203
4251
2002
895
4264
4303
4293
965
3107
2425
3893
4121
2341
1456
1102
52
1536
4027
4637
103
2457
4965
3201
4813
2425
203
4052
4770
1020
2857
4939
3946
2630
4266
3626
4217
3986
1085
4027
3107
534
3330
4415
1555
4398
1139
1408
4049
95
4022
3690
4251
752
203
1409
4391
1138
4813
738
2857
4294
593
738
4251
507
534
5049
1887
4927
1499
2356
4719
4391
2165
1348
4640
2995
4325
3919
948
4958
507
4251
171
4540
2951
4396
1929
4542
4893
4810
4770
4542
4458
4544
95
183
1236
3688
4246
2966
1632
1456
2341
1504
4959
3428
3107
4777
2787
507
2341
1343
257
2695
4904
1456
2045
1383
1538
507
4813
738
1768
3330
3610
1929
4685
752
1499
1139
4458
1185
4325
4391
2396
203
52
4332
1343
2165
183
794
1862
3349
2817
3404
4989
415
4325
211
986
1768
3107
1383
369
3002
369
253
796
895
4251
4100
4676
3055
5055
203
3986
4739
2753
3390
3984
1595
3029
2630
4084
3675
369
4739
1108
4266
1053
534
1788
3504
1555
3940
1671
3330
2753
244
1114
879
2163
4323
973
1775
1536
1151
3191
3201
1077
1987
4739
4052
1387
3041
1243
3363
4637
3163
3946
2426
1893
1555
1361
900
3541
4810
956
211
3919
4965
1259
1375
3504
78
3690
2630
2782
3256
3477
3702
4251
3247
761
3107
3473
4932
203
752
4232
4219
2550
3504
1074
1768
4251
3984
171
4965
4217
253
2784
507
95
4928
3363
4672
3597
95
1862
1307
1929
513
752
3247
3482
4810
973
3634
3107
1102
2165
3107
2759
1108
4318
2189
3235
2971
4135
779
2341
369
2773
2787
495
3330
3473
4810
1955
4251
4542
1242
991
4544
3005
4834
495
791
1671
4052
1390
3163
941
4676
282
4305
956
4676
4769
1747
1671
2861
52
369
4121
344
4022
4251
3690
3842
3482
4232
4744
752
203
3349
1935
5010
4458
3504
52
752
752
203
4263
3330
5042
3311
1456
3163
2240
964
965
628
1242
4217
1504
2575
3390
4217
4637
2773
1108
2396
1549
4294
1788
752
1343
1862
4667
5
752
3593
4263
3809
4810
3107
879
3429
3946
3610
1243
2787
1398
3876
2693
3946
4052
4293
3190
456
973
4810
4904
2693
2296
3343
895
2746
4354
3107
965
3850
4251
6
4590
1348
3428
3634
3107
4904
3939
3191
2422
2630
1243
1504
1339
3916
103
4097
1243
1171
4251
752
2486
3190
1053
2189
5017
1020
1504
1929
369
2425
1671
4157
4882
1486
2189
4052
2298
4667
1259
1595
203
103
2816
973
1184
3247
95
4904
4344
752
78
4834
4251
4323
4251
2784
3809
2189
3482
1844
4135
4048
4676
2534
4121
203
4074
4398
1077
2451
1139
3633
1929
4810
1375
973
4251
1366
269
1102
4932
4927
4251
2036
4705
3201
2007
4834
507
2861
2451
4219
3235
4251
3163
1568
3107
107
1366
1383
3107
4251
1671
2759
1602
1171
1242
779
1459
4121
4810
3675
3504
2349
2566
4027
1259
1151
3854
4813
456
3876
2356
3330
763
253
2384
4323
2927
4810
1383
2457
3005
4251
2349
2042
2759
4303
4251
2550
2412
3429
586
3529
1671
3504
1383
4217
4251
1733
3702
4391
3429
203
3634
507
2597
2857
3529
1403
879
4768
1788
4293
1242
1929
3939
4744
1929
5017
4011
4810
2451
1053
3647
4676
3473
941
5010
4810
2784
1990
4293
2784
4251
3311
2834
4232
4398
507
507
1456
4640
3869
1733
593
4097
4810
3107
3440
2393
1366
1151
2784
1929
507
3247
2971
2773
4251
2566
4810
4655
1671
749
4882
3397
4541
1157
4246
4685
752
763
211
3190
4904
507
204
4052
3675
796
4219
4107
1893
4770
107
5081
3718
3940
2615
1775
2036
3675
3972
4542
1339
3876
2550
3746
4303
2834
3330
4251
3204
2553
4107
6
1053
4672
3850
4318
3417
2995
2534
4121
3005
203
3390
3675
3675
1367
3363
1414
3103
2773
2544
203
752
4786
369
3504
3420
4672
4251
4251
583
2742
794
4332
4293
1700
1595
203
3247
2773
2451
2425
796
3793
4904
1935
1768
4323
3746
4959
2858
3731
3107
1174
4810
2753
3107
2784
5004
507
3634
3610
3733
3397
3634
752
794
1632
3559
2163
3299
3156
1929
4107
900
515
4391
4904
2007
1466
1808
95
1929
3541
253
2165
2240
4676
1471
2709
1139
507
5049
4965
1536
1499
3473
3129
2759
2036
1632
1375
1171
4251
593
3675
1963
4961
3107
1499
3809
4541
4121
257
3163
150
2671
1731
939
2362
2845
2426
4318
4391
1114
3330
2165
2296
2189
5049
2264
1536
1367
3597
4251
1929
1486
3330
1236
211
2298
1151
2654
3363
52
3986
4810
393
4810
3690
2647
2341
4251
4021
4581
1403
1537
4719
1139
4048
1375
3597
583
4293
52
204
3541
95
3005
3235
203
630
52
3111
3733
4756
2542
5076
203
3005
3420
3634
4121
4676
752
625
1151
3072
2575
4232
4251
1151
2695
3809
4614
783
2189
1240
4932
2735
203
4396
1387
203
1525
2914
3647
3905
1862
1383
1310
1733
253
2695
495
253
1997
4344
203
1499
4251
2935
2695
903
4293
4813
4052
4323
4458
1408
1466
4810
4263
3688
4035
4485
495
2133
965
3190
1671
3984
1941
3191
3869
2668
495
1077
5049
1997
3247
4776
4084
4323
1536
4251
2342
2189
4434
3005
3247
2426
3005
5
1387
3256
2588
2341
4027
2426
628
3107
3473
1007
493
3946
752
1775
4354
3428
4332
4542
4121
1307
4344
1990
1671
553
1768
495
4121
1409
2362
3428
4027
3107
1768
3205
1139
3330
3156
3190
3869
203
4810
4084
52
4810
4542
948
4672
3675
4021
1941
1767
3107
440
973
3473
3569
257
4107
2189
103
156
4958
4391
1414
1929
429
2597
4048
1955
2384
3107
2349
1383
2542
3647
1519
183
156
211
3005
2632
1536
4293
749
1897
4676
2735
895
2738
1671
4107
1447
4667
2738
4251
2787
2951
2002
3330
396
1375
939
1348
1519
4323
2784
1929
4810
95
932
3111
3107
2834
1367
369
3107
336
3129
203
2951
4810
4219
3397
2457
2995
4629
2163
4932
3477
344
3916
1647
2006
1509
4293
3107
4293
2597
752
3349
2817
2865
3637
1168
4719
752
253
4052
4927
4541
4542
5017
4323
203
3886
3675
1157
4391
1536
628
1392
4012
1348
3247
4135
1310
1383
4810
103
3282
507
1671
4810
1456
971
3482
2036
3005
1403
4396
2687
1254
1525
1941
870
948
1499
1409
965
3107
939
4756
1536
4834
3618
1602
3026
4011
211
3428
1456
1509
4581
4777
3107
3986
2544
971
3347
2917
156
3597
4676
2451
4927
3107
4770
737
1361
1339
3107
4121
2189
3482
369
1595
1433
3797
2465
1941
625
4084
3145
52
3107
2465
3724
1383
150
203
3107
3107
3107
956
3204
2695
3633
1671
2422
4293
2695
1990
3191
4927
4251
2709
3702
3235
3072
4398
4318
4329
3675
796
3793
2843
1324
3347
4959
4676
1403
4672
3675
4769
1830
3688
1537
1184
2723
794
4084
3247
1275
1775
3504
2687
3618
4323
203
52
1929
1361
1077
4676
2597
3347
4251
1339
4293
948
1775
985
900
1126
4251
577
3254
4810
1392
4219
4542
1361
4810
4157
3191
4293
3349
3504
4415
95
1733
2165
3473
366
366
4251
1367
5049
4217
4893
1671
1941
2042
1788
4134
5010
203
1271
2350
4810
2735
507
3163
2296
2695
107
336
1348
956
507
2264
3473
4100
4293
2534
1854
4542
1486
3504
4794
3301
5004
4084
2575
3417
4810
796
4542
3107
2597
3107
2426
628
3886
2759
4810
2451
2738
1275
495
3504
5010
4542
3029
1254
4251
4961
3330
4542
3905
3637
3916
1139
752
1324
4251
1074
4928
4904
738
4637
3156
269
4577
752
1862
4293
4810
1499
4786
95
1139
3053
3429
2165
4637
4458
1768
3675
3417
4251
630
5010
1808
4813
1254
2735
3235
763
4251
2966
2792
4251
369
1775
52
1383
956
2615
1733
986
628
4121
796
456
3156
3482
3107
4351
2742
4027
2735
1077
1383
3009
1963
95
2146
4022
3254
1963
3690
4614
1275
1184
4609
3156
2951
1139
1456
4541
1259
156
4264
3984
3390
95
3349
2457
3299
507
3201
2465
879
4364
971
3343
253
369
2148
3156
3926
1366
4232
3343
95
4542
752
3972
737
1862
333
4011
3372
4904
3924
1854
4813
203
3793
4251
103
4959
593
2487
4022
4810
3231
4035
3482
1536
4813
2036
2296
3107
52
3482
2705
2735
1392
4544
1581
4364
1322
4251
507
3191
3347
2792
5010
3504
5076
939
313
3107
3235
203
2723
1671
2816
1990
3634
4293
5042
2917
1854
3504
2735
1275
4084
3191
965
2296
4121
2422
2050
4293
4293
3876
2636
3473
103
3026
4542
5063
3690
3301
1775
1139
3724
1775
3107
3979
4904
2630
4577
4540
4264
1456
5017
4676
269
4904
3002
1243
1775
4927
4323
1536
1409
4251
1929
1114
4052
369
3163
4810
965
2542
3854
1433
4251
269
4097
1403
1536
3428
369
2792
3559
964
1383
4542
3793
593
1366
3958
2457
4107
3647
964
244
4121
3107
4786
4072
4904
1647
99
3482
3926
366
2234
4072
1499
495
1236
2995
1102
1307
1718
3055
3675
4609
630
2834
1466
593
2738
2487
3972
1671
2234
456
4810
4027
3404
4739
1145
3107
3235
3026
2575
2695
2575
2451
1324
4776
4676
4251
3842
4121
4485
4325
1383
2007
3428
4052
2457
2553
2693
3349
4332
3482
3107
3026
625
2632
1775
3301
1555
4959
4398
3529
203
244
1383
1466
3191
3190
4810
1077
366
4323
5
3946
3420
4251
1632
1499
3428
3107
2542
2951
2742
2834
3420
2426
2050
3876
429
2753
3107
515
1139
95
1447
1184
112
3675
4398
203
4965
4121
4810
1236
4810
1383
4049
4810
577
1366
4305
3809
1271
507
4107
3235
366
203
3417
4219
507
737
4958
2457
507
2566
1348
894
171
3299
2384
3986
3254
1671
396
1339
3330
4542
3404
2341
4264
964
27
3390
1077
2146
2738
4293
1768
2693
2615
52
4251
4100
1074
749
1433
3009
3235
3156
3330
1897
3156
4107
4542
1366
4157
1275
1661
4121
586
203
3191
2817
2425
3107
4266
2630
2671
752
2264
1108
4251
2384
1343
3363
4759
1236
2034
4893
4786
1579
4035
2695
593
3107
4776
1775
752
52
1447
3107
4777
1466
900
1138
244
52
3235
3718
1718
1077
244
1991
4756
3746
282
2553
4251
3256
4672
1536
1139
4251
2566
1139
3330
628
3968
3002
2050
1174
2007
1887
3009
1085
3793
5010
3529
4813
586
1077
5055
1830
2002
4458
3005
4022
2935
3633
1536
1236
1538
4810
4810
3107
3347
4027
4134
4325
1361
3156
3003
625
4027
4719
3404
1538
737
4540
4332
4989
4217
4810
4498
1375
879
810
1844
3428
4810
78
99
1504
4266
4904
4011
253
4293
1243
253
2857
1366
4251
4770
948
3107
4810
4048
1499
4542
3231
2165
495
3002
3053
1108
4810
4121
3940
269
2695
2457
4251
1322
507
2362
4251
3107
1168
4135
507
4293
1139
2356
2425
794
3893
4542
737
4498
211
1348
