4251
3107
4810
203
507
4542
752
3675
4293
4904
4121
1671
95
3482
3428
3330
4323
1499
1536
4813
4027
5010
3504
1929
52
3235
3005
1383
1139
4052
1775
2695
2425
2007
4676
2189
253
1077
956
1768
3986
1236
1409
4786
4398
2457
3163
4022
3634
593
2792
3946
4667
1151
369
3397
1366
1456
4048
965
4217
4107
2165
2857
3429
3473
4927
103
4134
3156
4770
1733
1403
3690
586
495
3984
1242
2146
3002
783
1447
2036
2384
973
1602
2735
3842
2341
4391
3916
4961
3746
183
794
2738
1108
5063
4084
1085
3201
2002
3647
2630
971
3311
4219
1504
2426
1392
4540
3972
2296
4498
1595
2995
737
3204
2575
2773
939
3702
2742
779
1348
2817
1408
3301
107
1486
211
4021
269
761
4756
5004
4294
2971
112
3026
4266
4834
456
4958
903
4939
1184
4263
3041
3231
1375
2966
2784
1053
1788
2753
3103
2746
3809
3191
1538
3420
282
2465
3256
1955
3893
2356
4932
1367
3876
4882
1941
3053
1240
4035
3349
1171
4012
3869
4637
5049
2693
1549
1339
4097
4541
1414
4354
1102
2709
1731
2234
1020
3597
4640
1300
2163
1243
1275
1632
5076
3541
4264
2858
810
3247
4705
3661
2451
2486
4719
895
2632
986
2396
4100
3254
2006
3733
791
2487
2542
1324
4655
156
2787
1862
366
3299
4485
3610
1647
4011
2845
2843
3850
2834
4989
796
3793
3363
2042
2362
2553
3372
4861
1459
4744
3797
4029
4232
440
625
1525
2240
3029
3390
4049
5081
6
244
1568
257
2050
2566
1893
4325
1990
3003
429
4928
749
1074
3343
171
1887
333
2251
1390
4776
738
4685
2597
3190
1509
1555
4434
3688
3072
2865
1987
1999
1174
3940
2045
4794
1307
1718
3347
4965
2740
2349
2130
948
1755
3979
4590
2816
4893
4358
2320
5017
1747
2243
3129
4098
2264
2517
1639
2238
1844
2759
1254
3205
3145
5
2935
4544
1808
2412
415
870
4303
2202
204
4135
3577
1
3724
393
1271
4246
1259
2687
2534
4959
2668
894
577
1185
941
1007
3477
2671
3173
3854
2588
2289
1661
1581
1972
4609
2350
1997
4062
991
4305
4500
985
27
4122
4581
4072
1854
3637
515
4458
1991
3559
4318
763
4157
4344
1767
3919
5042
770
3718
1537
1423
778
1168
1963
628
2723
4329
1310
5055
396
2636
2133
3771
2393
2914
964
4769
3529
1830
150
1935
4074
2342
4351
313
3111
2544
900
1343
3924
4759
4396
3905
1322
1466
4364
1897
2034
932
4629
4247
1433
2647
1471
1387
3886
3004
2861
513
1699
2970
1519
4768
1828
3440
1579
1361
4699
583
3417
1138
2428
2782
3404
1157
4902
3739
266
1145
4777
1365
2705
69
3939
3055
1126
3731
4577
2927
3282
4614
4415
2951
99
630
2422
4672
553
344
3926
3593
3009
1700
3633
879
4332
2298
3248
3626
3618
4955
3968
3430
3569
862
2370
336
2917
2148
2550
1114
2654
1398
3318
2615
78
4739
493
4595
534
3958
4174
