76
181
960
827
697
872
798
773
591
847
1184
576
895
341
737
538
311
617
344
786
20
525
376
366
260
390
701
1231
101
752
1088
424
985
12
1058
1105
1121
475
1225
406
904
1200
373
94
1063
920
637
1191
659
991
665
159
936
171
838
845
702
1064
622
970
550
6
1015
323
965
982
138
1130
977
123
334
609
1172
884
680
1037
940
1276
577
582
176
49
135
497
651
319
175
328
1049
996
338
367
1079
347
264
1132
187
163
494
441
903
423
1208
1246
545
67
448
1198
1051
74
54
627
509
1275
549
528
688
499
1218
339
633
411
643
102
867
247
605
1249
