1174
2283
1563
2286
2451
543
1232
1253
1286
6
2276
1143
537
1685
1226
1387
2268
645
1760
2374
1188
513
797
1012
1232
942
1252
2500
1212
1502
1685
719
1703
1849
1308
722
2374
277
1469
1266
1913
272
2478
1867
433
2428
1144
1694
1807
1989
290
272
1247
1486
1914
597
2254
1143
1253
1947
597
1989
1253
29
2012
2428
2500
1502
2307
1308
1045
513
2307
905
217
1576
1890
1232
2183
1173
1232
1976
2007
2428
100
2550
874
1512
525
513
495
1314
354
1861
1576
2280
1658
2236
2156
1576
1840
1502
1219
1694
513
2174
2511
2012
1685
1576
513
2550
1694
1469
2012
1045
2007
95
2276
2280
2286
597
348
1566
1407
21
1753
1286
261
1991
1576
525
20
507
597
935
2478
1694
513
261
2347
663
437
495
597
1502
29
722
2445
590
826
1012
1840
354
1188
2220
1308
2449
2187
1367
1576
1173
1512
645
2428
2500
484
935
2445
1576
663
856
543
826
1685
1685
513
550
929
2061
2072
2276
20
1232
135
1807
513
2077
2358
525
856
663
2408
1045
2111
1576
1063
954
2347
1685
1685
1045
1989
2374
1314
1913
1685
2358
513
1807
2159
513
550
2077
1496
954
341
2374
1807
1576
1694
513
1685
1761
1685
1576
1760
2511
1253
1658
415
550
1849
590
83
415
1685
1694
1012
1599
1314
653
472
1572
1685
2522
1511
1758
1253
254
645
2254
1601
1502
2428
2374
688
1572
855
2444
1502
2374
1590
341
2237
277
2428
544
1806
590
2156
1947
2193
663
719
1572
963
1947
1576
1914
1387
2428
83
2321
1599
1955
1314
341
95
1944
2159
437
645
2408
149
1931
1685
688
1768
1806
2374
722
2358
100
1502
1386
590
2491
1902
1685
597
2500
2061
1576
2503
1640
29
213
1685
513
1807
36
1807
415
1502
1920
2275
1367
2503
987
1913
544
940
149
2254
1996
2286
2449
1866
261
268
1572
1119
719
1821
1367
1253
31
1897
472
2500
20
1849
2193
1407
1753
1143
1174
1913
663
1807
2212
1685
1576
2290
1469
2512
1212
1685
1694
437
543
1658
1407
2023
590
543
348
543
924
719
1685
719
1947
1512
1407
597
2374
2374
2491
1253
433
2111
1694
2268
1768
1821
1119
1685
1012
2023
1253
814
881
1253
874
2220
1685
1991
1286
1685
1174
1402
508
20
924
1694
2374
1694
2268
1947
742
2374
1386
525
1947
1807
2268
1352
2023
1512
1758
1232
513
2444
2445
1316
680
550
586
2111
1407
1989
733
1599
1685
1760
2408
2491
1694
1119
1955
1012
2038
1119
1130
2220
1902
145
2286
1407
1471
2286
1685
1407
1685
2436
2404
1253
1800
1232
1253
484
597
1232
2491
742
2012
2445
2038
2436
1253
1576
590
1849
1407
2004
1852
1327
653
2436
924
1913
2374
1253
550
1800
1866
1840
2187
881
525
954
435
645
2237
1045
247
1329
1685
1407
2374
2374
2268
1864
952
1012
1407
1286
2253
2408
663
2478
2307
1599
935
2374
1407
2436
2290
1045
1308
1685
2023
1576
1219
1219
2522
1145
2159
671
1685
1861
513
2023
1599
1232
942
2280
1566
905
935
590
963
1897
1407
2254
1852
2193
1861
1469
2491
1920
721
1996
2445
1996
1685
2503
597
1143
2491
1913
1496
2038
2491
1232
135
2451
1902
826
1513
290
1512
1685
507
881
924
1012
1852
2444
149
217
2072
1807
2007
2183
2275
590
663
733
2038
1685
2491
1685
1119
653
2159
1861
1572
2286
2061
1852
1685
1703
2254
1920
583
2436
2193
2445
1576
1253
1367
2275
1694
1658
1225
940
2007
2408
2374
151
1685
499
513
95
1496
1694
1760
1425
1496
2491
1123
719
1694
1314
1685
1563
1947
1991
254
1920
1063
499
2193
1976
513
1247
752
111
400
1566
1212
1920
2275
590
400
1599
135
1130
881
1496
663
663
1140
1352
2012
1590
415
508
1636
597
550
1685
1123
543
979
1685
1232
1976
1232
254
1123
1807
2511
1658
1821
987
1718
1374
826
2189
2220
1367
1188
1685
1767
543
1232
1012
1576
2012
1512
83
1890
1867
1694
2491
1232
1316
1253
2436
2007
6
590
2072
1576
597
247
1822
1685
2445
83
1761
2254
2449
721
44
1232
1694
1996
1119
437
1876
415
1286
2286
719
2428
752
1253
1685
1253
1232
1253
733
1867
1902
1996
1012
1145
2254
415
2512
508
2503
663
2064
2374
2061
1316
597
513
484
1760
400
1352
722
597
1864
1576
2007
583
2503
1232
1314
1407
1685
543
688
1599
1212
1685
2436
1252
590
733
722
1694
1685
1143
2191
2174
1253
1659
2212
1226
2159
472
1913
513
1927
2451
1145
1296
1685
2023
1145
437
2428
663
722
1511
1599
543
1944
513
2374
1761
1996
1685
2276
1296
513
2064
1045
1913
597
979
1496
1685
1174
1374
2514
2061
722
2012
1314
1513
590
2280
663
1685
905
2404
2237
1253
1897
1604
2159
525
2159
1694
722
688
1864
2445
513
1045
1599
1253
1253
135
1957
2491
513
1145
1852
1694
1012
1636
2374
1407
1012
1512
1852
1576
1762
1685
1944
1513
36
1188
2491
2307
1762
855
1685
1807
597
513
415
1253
1511
1512
217
513
2517
499
1685
1572
2111
1640
1685
642
2159
2159
1861
1685
2254
20
1800
499
1599
525
1572
2550
1407
1604
1685
2503
2290
1576
1563
1767
2064
2038
2491
2286
2004
1694
2064
2193
1914
1576
1902
1226
2012
1374
254
217
1685
856
21
1119
290
1576
874
1486
1931
719
597
2253
2220
929
1762
1566
2451
1082
1897
642
1913
1374
874
963
2290
963
1685
1685
1685
2172
1082
1694
1296
1867
1123
1188
1327
1045
940
2159
2290
688
1685
2077
2445
2550
1576
1694
1640
663
1920
1576
550
1471
924
513
83
1486
2374
597
2503
721
1327
1694
1685
826
2012
688
341
1762
688
1572
2023
2077
513
1407
1694
645
495
2428
1327
1572
1576
1386
2038
1599
2212
2023
1640
2220
1685
1140
433
1123
2478
1003
2220
1947
1012
1572
1694
2500
2193
597
1576
1014
543
1852
1807
1225
543
1902
272
590
1685
2428
597
1188
1694
1224
31
719
433
1685
1640
2193
826
2503
1512
597
1852
1496
1316
1502
663
2012
1685
135
1232
290
1914
437
323
2007
1989
2254
2374
2514
2193
29
1566
2358
1599
1685
1991
2444
1224
2275
2220
719
1685
1247
1590
1914
2077
1188
247
2374
2428
1014
1188
2503
1314
1685
1145
1703
21
1576
881
1374
1386
979
1768
2276
1807
1219
940
1253
348
1944
1576
2174
2023
472
2408
1174
400
1576
1599
719
590
1640
1694
2428
1512
1947
2023
2156
550
379
752
1082
508
95
2280
856
1367
1232
1386
1352
2029
1694
1174
1735
290
2029
1685
1296
1758
1599
437
1694
1800
484
2038
1512
2254
2404
663
1576
1232
924
1130
1119
1012
341
1694
2275
1212
2072
1913
135
1407
2374
1913
663
1913
544
1685
1648
2550
2061
1640
1232
1232
1045
1352
550
1188
31
1576
1253
1991
2374
2491
1576
826
1296
415
1685
341
2290
1876
1314
2023
1685
721
2254
139
2374
1352
1012
290
2500
2286
583
2254
6
1253
1212
2038
597
1143
2268
2023
1927
2491
373
1955
2374
1685
1822
874
2253
290
797
507
1849
1222
2193
1576
597
2491
1512
2321
2408
2358
373
2445
1576
2491
2220
2212
1188
1327
1685
1327
2491
2408
653
1386
1576
2436
1253
387
513
1123
1512
1232
1188
2428
139
2428
1286
881
1927
590
149
929
1003
1913
855
2023
1807
1702
1232
2374
1685
1636
1327
2491
1496
1991
1407
1188
1913
1367
2280
1572
1931
1702
1913
1212
597
472
1407
1012
1012
1576
1386
2436
1957
1840
1266
513
2275
590
1212
1143
1232
1252
2428
507
1253
2522
1920
1685
513
550
2254
1576
1576
590
1762
935
2159
2023
1232
2491
513
2428
874
2491
590
2174
2491
354
2522
597
583
1387
1861
2511
590
1685
2491
1253
95
2511
1685
2317
1130
2307
1920
2374
597
1576
1685
2358
543
2072
2007
2428
2428
2503
149
1849
1694
2428
1648
2275
1694
268
2491
1296
1890
721
663
1867
1387
1806
1145
1604
2212
856
2159
2522
1252
268
1387
513
1576
1247
1224
433
1599
752
1685
213
1685
1502
642
2428
1807
1685
1913
2254
2517
354
341
1685
2428
2445
36
1900
2268
544
135
1253
1513
2374
547
597
1758
597
544
1232
1286
1685
1502
2237
1694
1576
1512
1513
1866
1913
1316
1253
2004
1486
1849
1900
2253
1914
2254
1989
247
149
1012
1045
1807
2428
1850
1876
2012
586
2183
874
1694
1991
1685
2275
1758
1914
2023
525
1931
550
437
2183
2191
513
1800
586
2023
1753
597
1761
1913
2428
1486
2445
1861
645
1648
1486
507
21
1760
507
2064
1760
2254
597
2449
1864
797
2321
1253
21
2183
513
1760
29
508
135
1253
1576
1840
1648
797
905
1576
1931
323
1145
1599
1807
2444
1718
722
1045
2193
1599
1314
2275
2428
1852
1572
341
653
2254
1685
1407
341
1252
1897
472
1253
688
2307
1760
1174
1576
2023
513
2038
722
722
1188
1314
2408
1703
2072
1685
513
547
1685
1496
1821
341
856
1685
952
29
435
1425
513
1327
1003
1867
2428
2012
290
1659
1296
1130
1648
1576
1563
1327
400
2174
722
1123
1045
1212
2187
671
2478
2512
1253
543
513
2012
1576
2491
1758
2517
217
513
663
1012
987
1947
1314
2517
2193
1469
1253
1232
855
2253
513
2268
987
826
954
1694
550
742
1063
1694
1253
100
752
1140
29
1944
2029
1576
1998
1576
1232
1407
149
2023
550
1576
2404
1329
2290
1014
354
2503
954
1648
2276
1685
826
1226
1572
1253
1496
653
1685
1219
1123
1012
1852
2286
1703
1599
2193
590
547
590
1849
323
1296
1352
1685
719
1511
2220
1174
139
1576
1045
1753
550
1718
2038
1566
1944
2077
544
2275
213
1685
1685
1232
2286
1702
856
1253
2193
597
484
550
415
437
1003
1599
2374
1576
1914
719
1352
2408
1308
742
2511
1314
1407
547
1850
1012
546
1604
2374
597
2064
1718
1685
719
1471
348
513
1003
2428
1685
1327
513
826
1902
2023
1601
1576
2007
663
2023
2503
2451
721
1694
1913
513
1225
1576
1685
139
1694
1998
2290
254
1247
2023
1232
1329
2503
2491
2012
1685
742
1502
2444
2522
2449
1685
2374
2436
1807
295
1996
1957
1572
2012
722
1685
1563
2491
814
261
1703
1145
742
597
2012
1140
2012
1253
874
2268
1913
597
1685
1957
590
550
546
722
2503
1407
952
1327
663
1407
1576
513
2491
935
1253
1760
2517
1352
2286
1253
1694
1694
1767
645
943
1045
2012
1119
855
1576
543
2012
924
2275
826
1852
1685
1685
1082
145
2268
1130
1890
415
1402
2275
1685
1253
1685
1685
1496
597
1469
1566
1212
2307
44
1247
2061
290
597
111
1852
1576
583
1188
2012
135
2012
513
6
1253
1486
2038
1327
1266
1327
1374
1821
217
1944
924
1576
1800
1045
1140
719
2023
2374
1685
2522
1913
1604
1119
547
1902
2503
111
1407
1252
742
1852
1640
1327
400
1496
1144
1576
1014
1327
513
1286
1685
1045
2276
1247
583
1821
1685
688
435
663
1913
826
2491
2511
1407
2445
513
1694
1407
1685
1402
1232
1012
550
583
1685
1119
1511
1694
135
247
733
151
1900
435
1352
1352
1327
2286
2286
1659
1996
2491
323
2517
826
2491
1576
1576
2268
1761
2172
1144
507
1226
2159
1224
597
1314
722
1840
2183
2428
2029
2061
513
1145
2023
1761
2428
2172
1045
1296
2280
1867
1512
1849
1232
1807
1402
1563
1130
597
261
1232
924
1253
400
987
1327
722
1947
671
2514
2514
1222
2268
2445
1599
1685
1840
254
513
1927
1174
1572
719
721
1174
943
499
1694
1119
1513
83
525
1576
2491
1576
261
1145
290
2023
2428
1045
2077
415
590
1758
1140
1576
1572
2444
272
1685
1308
1658
733
2491
277
2004
513
1222
513
1327
1685
2029
1367
31
1576
1419
2280
2012
1012
2491
149
1897
1694
1685
2428
2012
415
1374
1502
1502
437
1913
2283
2408
2428
2347
1130
2253
1402
2189
1308
2012
295
2374
1648
1576
1576
924
2491
544
254
1407
2268
1590
2522
1753
2374
277
272
954
1252
2023
752
1226
663
151
543
1914
1173
2172
1247
1402
1913
543
2156
826
295
1694
1252
1502
435
341
550
1232
387
2012
550
2193
954
2283
2428
1296
1063
874
590
1685
2511
1947
2512
2445
435
1840
1173
20
36
1576
29
1852
1685
2275
1063
1900
1604
1316
295
1572
2038
952
929
1807
20
2220
1374
2253
1063
550
20
797
2220
1045
1387
1897
1222
513
2236
1576
663
874
1685
1685
663
1694
2268
1685
2280
597
881
1188
1685
1212
1123
1920
1572
2212
979
1659
435
1576
721
323
1496
247
2491
2237
1685
721
513
642
1920
2193
586
1045
20
2268
1130
2290
2290
2064
6
1685
513
1407
139
2491
354
1902
597
645
1188
2111
1082
2290
513
415
663
1821
543
2491
1867
1864
1685
2428
1144
83
2491
2347
2408
1513
1296
856
1314
83
546
1599
1685
2275
472
1998
1821
1576
341
719
272
1694
341
733
733
36
2172
1685
2220
2191
1266
1576
20
1012
1947
719
1082
1902
1913
1996
1800
1188
1316
1800
1718
1702
513
1685
1758
1685
2436
671
1045
1471
1913
1897
525
1640
2254
2004
513
1685
525
513
2374
1902
437
1685
2061
1947
1045
1471
1685
1758
874
1140
1327
435
2511
1685
135
1226
1694
2212
1913
495
261
1659
484
247
2436
2478
1703
415
943
929
2478
1694
1822
2193
1931
2077
1212
499
1694
2038
495
1913
1694
1486
213
1762
2064
1718
1947
1316
111
855
2023
1840
680
543
2023
1402
435
543
1694
149
1576
513
1502
1931
1947
1471
2428
1694
2023
1188
1407
1502
2374
1685
513
1702
1998
2064
1685
1991
1232
151
2064
1927
277
2374
537
1469
1807
21
2193
2491
1718
2236
2428
1130
415
547
1232
1861
1314
1989
277
1852
2428
1648
261
2374
1694
1850
1012
1174
2159
1648
373
1702
1576
2321
1224
2491
2072
2212
513
1685
1685
943
1897
1226
1212
1327
1012
752
1327
213
2193
1762
95
513
1374
1601
1947
415
1931
1576
1374
437
2290
1991
1145
513
1145
1045
135
1658
597
1232
1247
1576
2220
1768
1407
1247
1694
1590
597
2404
1897
507
217
881
2517
752
1014
2491
1329
722
1314
513
2374
272
590
943
277
1768
2159
1599
979
2428
1913
2445
1840
1576
544
2436
1685
1563
1513
1694
1316
95
1685
100
277
1947
1703
1753
2491
2029
2491
1576
1685
2503
645
874
1944
1576
1402
2290
1188
217
2286
653
543
590
2029
513
1329
2522
1063
1327
1694
1800
2374
1003
1327
1232
1604
2012
415
1143
1566
341
1003
2491
20
2408
590
2290
1957
341
1224
2436
1012
1996
513
663
1253
2029
1045
1685
1123
1876
1174
1226
1947
2512
597
2254
525
719
354
2268
2511
2220
1327
1576
2436
161
44
1145
513
100
1329
924
2436
653
1807
1927
597
83
881
1219
537
1685
874
2491
1469
1718
2491
1685
290
2404
2374
1188
1913
145
2061
1512
826
1760
1760
2491
1232
856
272
1224
2404
31
1947
1913
149
2514
2503
2183
20
663
20
1387
44
979
583
1576
1576
1407
1512
354
1735
1386
2061
2023
1253
742
2491
1762
1694
1807
1576
2172
1685
20
1123
874
513
21
2491
100
597
721
597
671
2064
2254
1576
268
550
261
1247
719
2491
1512
1685
2428
1247
653
1471
2428
2428
905
586
1914
1143
1252
1890
1173
721
1407
1253
1694
1590
2374
1685
1685
1123
1913
1822
1685
2275
2491
544
722
1599
1576
513
341
942
645
1866
1576
2436
1566
1976
2491
1212
507
1222
1576
437
905
645
1063
437
550
1685
590
733
2517
2408
590
2428
1425
379
323
290
733
1758
149
1703
663
1998
2237
1012
2268
1800
1703
550
1599
1253
348
719
1920
1327
2012
2174
151
2268
1316
2503
1849
1599
1253
2172
2029
1143
1173
742
1913
2503
513
543
1173
1807
100
379
295
929
1212
323
2445
1685
963
1913
2517
525
943
1955
1576
1225
135
277
1604
1576
597
1685
348
1512
1222
1486
499
979
597
513
1003
1296
1996
597
495
653
2236
1253
550
1253
2038
2491
1576
1914
590
2212
2023
1758
1685
1253
544
2237
1511
752
1913
1900
881
1174
543
151
2023
21
733
1419
1407
2156
513
435
537
1991
2374
1955
2212
2491
924
1694
1486
1014
1367
1920
31
1807
2511
1753
1760
1767
1247
1419
261
1173
733
354
1902
722
1576
1253
295
2491
2077
1758
83
1576
543
1212
2268
1852
513
537
2428
1685
1806
1123
1123
2491
550
1866
247
1407
2449
151
100
1897
1703
742
2038
1512
1012
2491
513
719
1407
2444
1327
1502
856
924
2445
1947
1900
963
1640
1685
1604
2428
1955
2268
2408
1327
1685
139
1576
2187
1316
2191
513
1130
1931
1685
1694
1685
2253
1123
550
1253
1130
1957
1913
145
1863
597
924
543
543
1316
2268
1599
721
1572
1316
1863
1576
1576
1082
1296
721
2012
415
2428
1512
2522
2193
2072
135
1694
1252
1003
1694
1563
2268
1822
1232
826
437
663
1890
1266
2511
1996
1636
1407
1316
1685
1685
1685
1143
1840
513
513
671
1599
1327
2254
2275
1599
856
719
151
1296
507
2254
2159
1913
495
1224
1012
149
1407
437
1247
290
415
1685
1402
1045
1012
525
2404
2023
1685
2444
826
1867
874
1800
2159
1947
2428
583
1314
550
722
597
1352
1425
21
2174
1407
1253
733
435
1685
2503
2491
752
1694
1913
1601
1694
261
95
2436
1174
1800
2029
1130
1314
1913
2254
1130
2374
2280
1931
1130
1807
1947
1130
2254
2038
935
513
1572
1947
2183
341
2428
2072
1762
855
1367
1314
1308
2428
2220
1758
1576
1572
544
1045
2408
963
435
550
826
1496
1913
1821
537
1012
1174
1119
437
495
1572
379
1604
645
1296
1045
2517
2012
217
1247
874
663
1130
2428
2268
1576
1902
1685
341
1188
2064
145
1224
1232
1760
1576
1876
217
1572
952
290
1840
1045
1648
752
1599
1913
653
2503
1012
1407
111
1224
1012
2449
1003
1502
663
2449
2038
1576
2408
1900
272
1718
95
217
1760
752
2072
905
6
1253
1807
1576
2478
2183
2374
1913
149
525
543
597
1045
2268
733
742
31
2445
387
20
826
590
1762
354
1762
537
323
1685
145
1762
513
2491
680
1253
379
1123
2012
924
1563
721
2436
721
1685
513
341
583
924
2374
1703
1003
1685
1807
268
1685
499
733
1296
1947
1599
1174
1502
2111
2374
1316
1014
2522
1513
1694
2428
1636
1761
1989
1761
513
1897
2254
1648
2449
1407
583
550
254
590
1576
590
2111
1314
1174
688
1327
1119
1502
2317
513
742
1222
2172
341
2012
2077
1253
2491
1253
1232
400
1576
513
1957
1253
1563
379
1685
1316
1407
437
2172
1920
1286
543
1145
2374
752
1590
856
254
942
29
2254
1902
2012
1425
1685
2254
2193
1576
2374
1998
1402
1685
277
254
472
151
290
1685
1513
6
1502
1253
1407
1407
1648
590
2012
2283
826
1685
2428
543
513
979
2268
1387
1407
1913
1327
1174
29
1045
1063
2275
1486
1003
1913
1082
2254
1407
2237
1232
135
1219
929
1685
733
1012
1800
1685
1296
1576
1511
1402
826
1897
2512
1407
1902
954
1685
1045
1762
688
1327
415
513
1576
1352
1648
742
348
1486
437
642
513
2374
2268
935
537
1849
2491
1576
2061
1374
2514
2268
952
1685
1576
2374
943
642
2268
2064
2491
1045
2511
1658
20
1947
1123
537
1576
1572
261
1685
1849
2189
1758
272
2428
1327
135
1329
1212
135
1374
2012
2478
400
719
400
1296
415
379
1123
1989
348
1852
1576
83
83
1407
1599
2183
1367
1327
2220
597
400
1225
1082
2023
1253
935
1947
2428
2491
2023
1957
1329
2029
1931
1902
1253
1576
2268
2268
2491
2193
1253
1718
1658
590
513
1486
1576
547
881
2275
2503
935
1685
1897
1989
435
1224
1864
1045
1849
1849
1045
1212
1082
1694
268
550
1576
1367
2038
1253
1469
2172
435
1590
1352
2111
2491
2445
1496
1685
1913
2500
513
645
2191
1821
2268
1327
354
1760
1012
2511
814
2511
513
2268
36
2275
597
1685
1913
36
1913
525
905
1685
1685
881
1496
2253
1931
1140
513
586
1913
1601
2449
2064
2491
544
1913
295
95
213
437
499
1599
2491
2174
688
1253
2512
1232
151
742
1694
2237
742
2491
213
1572
472
1659
1576
2404
1599
2038
855
1367
272
1012
924
544
597
1685
100
874
1685
1694
507
1387
2072
1419
484
6
954
484
1576
742
1012
373
2511
1367
1640
1572
586
797
2220
415
29
1590
1374
29
2491
1327
2374
2064
1694
295
1063
95
437
1685
1316
1576
1576
1659
2491
323
433
1316
1718
1767
513
1864
1252
2275
1576
2428
2254
1513
379
671
1867
2268
1685
1864
653
546
1694
719
525
472
513
2408
272
583
597
1512
6
1253
437
1760
1685
2374
1694
855
2023
1387
987
513
341
2156
1316
1296
2374
161
2064
1913
1760
1407
1387
653
2445
2408
546
663
2511
2408
1760
943
671
1512
1314
1806
1576
2064
663
484
1130
2491
1576
1576
1119
1563
943
1286
2445
719
1329
1212
1806
2012
1572
2007
1685
1913
1253
2172
1012
1822
1685
513
1685
1685
1119
1685
2500
1123
1989
719
513
1694
1685
31
2374
1947
295
1576
1123
2428
1316
1045
1718
543
1012
525
719
277
1144
1576
1694
2491
348
2290
543
1327
2077
733
954
437
1840
139
2444
1576
905
261
2212
1253
1425
1012
1012
1123
1694
2004
1913
590
722
2512
1144
543
1944
1685
1685
83
1576
2237
29
752
1601
742
1407
1327
341
1685
2212
513
722
874
1604
1367
826
1576
415
1253
100
2428
2503
2428
2317
1143
1253
1927
1866
1685
1768
2511
2428
2007
688
1576
1576
1576
513
2321
1367
1253
1563
295
1685
2517
1947
135
44
95
924
1374
1576
543
935
1014
1694
513
1012
100
826
2038
2193
2491
1694
1387
1407
2191
272
1685
1367
2111
550
663
1718
1685
1821
2023
1352
1685
855
1685
688
2491
2236
1947
826
597
2007
1253
341
752
1130
2268
2012
653
2517
1374
1130
1045
1694
688
1913
1572
2023
1513
1253
1840
513
1253
1316
2276
935
1659
139
6
1998
2491
550
1327
1232
2064
1471
1850
2193
2004
1863
323
752
1576
1576
1367
1685
1920
261
1513
415
1931
379
1902
1604
354
1989
1849
590
2183
590
513
1685
1316
1222
2268
513
139
1576
590
135
2491
1045
2514
1694
1685
1511
1636
1659
151
1703
1572
671
2550
2268
31
2172
2280
2077
2072
1012
688
663
1694
2193
1685
1599
1863
2408
2253
1144
2254
247
1286
544
1902
415
1761
733
1130
924
2012
1123
217
435
2491
1590
1327
2268
1822
2212
272
1718
1012
1572
135
1807
2511
379
507
597
1316
2275
1212
1685
826
1576
1576
1082
1758
29
1314
2159
513
1685
2038
1045
525
1252
1685
597
2512
83
2408
1658
145
1800
1599
688
1314
415
1082
472
2023
940
2012
2268
1849
1998
1648
1694
1685
2064
1897
1253
1296
2254
2187
935
856
543
1866
2268
2491
2156
1486
586
2358
2029
2268
513
2220
544
954
1576
513
2007
1407
1316
1850
507
2268
2449
597
1511
495
1407
323
2374
295
2268
2061
1419
2212
1173
2374
2428
323
1760
1685
1576
1572
1913
1735
2428
1123
513
1045
36
1685
1685
1947
111
942
2275
1232
543
1513
1840
2451
290
1316
1659
95
2428
1513
1316
2491
1658
1761
2237
1849
1253
525
2193
1800
2193
543
2023
1253
2193
415
1286
2111
1314
415
1767
507
1188
2445
1685
597
272
1822
1761
525
1863
550
1897
1991
2237
1913
940
1188
2072
1486
924
2038
341
1130
826
1572
1694
472
1685
1119
733
1957
1119
1694
1807
435
1222
1286
1140
1188
2061
1913
1902
1286
513
642
1572
1867
597
2445
1253
2275
161
1861
1512
1253
2491
1694
2428
663
1188
1694
1063
2374
513
513
1252
2491
2445
1735
2408
2237
2012
1694
2374
2491
1685
2023
1130
2038
1685
2428
513
653
905
1576
1308
400
1576
277
2286
1735
1864
1143
1685
513
1014
1296
1576
653
2012
597
1145
1913
2428
2023
942
1144
1012
1685
597
954
905
2491
2064
2253
1685
1897
2317
874
1590
1702
135
2522
688
1762
1314
1659
653
1685
2064
2491
1840
1232
1253
1576
2491
1576
135
2478
1685
387
905
277
1927
1718
590
1003
1599
1947
1576
1685
1866
437
543
2514
2428
2511
1931
1913
379
1685
590
1718
2268
2347
1471
1694
1252
1648
1800
1327
354
2220
161
2428
2275
929
590
826
379
6
2449
1308
2236
874
1123
1219
1145
1702
348
2491
161
415
1469
987
954
874
1920
1374
963
1226
2511
1944
1012
1145
597
1902
1252
1913
1864
499
2268
2444
1407
484
1685
1407
544
2428
400
1296
1374
1604
2187
1188
2191
1502
1407
2254
2358
1407
1800
1316
1367
341
942
415
1735
1316
1012
1212
2428
1989
525
1601
513
550
1685
874
295
2275
874
1352
752
2212
1718
905
1913
1386
2512
1947
341
1130
1976
2064
2077
2275
1640
1407
645
1685
2029
1866
1685
1685
1996
1850
2428
1012
1685
1703
954
1849
752
1327
2286
550
952
814
1266
525
1407
2183
1296
1232
752
290
2445
2374
2268
1253
2491
1576
20
2550
550
2503
742
1012
2276
1352
1685
2428
513
2522
2023
1599
543
1123
2159
1225
2268
874
1866
135
1386
1576
1576
1314
1913
1352
1685
1174
2012
1576
1045
874
590
550
952
1861
2220
733
508
513
2254
583
2321
2174
2254
111
354
1685
277
954
1253
435
139
1760
1316
1849
1685
1212
2286
2072
1947
935
151
151
83
1767
525
2038
1685
874
1563
1407
2172
752
1576
1253
2077
1572
2491
83
2061
1702
247
1253
268
1864
2193
1702
1718
1316
1502
513
2064
2374
1296
1327
415
1758
111
1082
2268
1760
2444
2193
1253
1576
2451
2072
1996
1821
1718
583
272
2374
590
1821
2286
2290
2436
2004
1563
1232
83
435
1225
1685
1806
1425
874
1253
472
826
6
881
1640
2286
1685
2374
550
1685
1685
2550
2004
2012
719
1599
1012
2064
1224
1685
1174
881
435
1767
721
2374
1232
1685
1253
1703
2286
663
1758
341
513
1266
1864
1145
590
1957
400
2428
1563
2358
261
2550
1512
1130
1512
1012
1947
2436
2156
1576
161
387
543
1314
905
826
1123
1735
874
1685
437
1685
1419
1144
1253
597
1188
213
435
499
415
2428
513
1685
1266
354
1599
341
653
1931
151
1502
1253
2072
1374
1996
1694
1944
513
826
1352
1407
537
2254
1402
1212
2404
1761
1253
1486
826
1849
1253
1685
2275
645
1407
1914
513
20
1685
2193
44
2193
1913
323
2254
1316
1718
513
433
254
1367
1702
513
1576
2428
2212
1702
1012
1374
1471
1947
653
663
2445
2253
905
1140
1502
1253
2286
1640
2522
2283
590
161
1685
1327
1685
1694
1685
2408
1694
590
2254
1996
2428
1253
1367
2268
719
1316
2064
544
400
663
1685
2491
525
1232
597
663
1502
543
1599
1253
2374
1367
2276
400
1604
2172
1601
826
2172
2428
1599
1758
1352
797
484
550
733
1996
2268
1694
1045
387
1174
1685
21
1702
354
1329
2321
2111
2220
2007
149
1599
547
1849
1314
1947
341
1599
688
856
2491
1496
1012
2193
1572
1913
1913
1253
2374
2522
1590
1174
323
874
2064
513
1685
2254
2428
1947
590
1188
979
1807
2064
1840
1352
1513
1991
20
2275
547
752
1685
1367
2038
495
2428
1760
2491
663
2236
1374
247
943
1685
1174
1012
1407
1219
1694
752
663
1913
1576
1761
1913
2428
1694
1890
671
1840
1247
1225
1576
2220
874
295
513
1296
1425
2212
2374
1694
1685
2408
2445
590
373
508
1685
1694
1640
1913
1685
2408
354
1685
2077
1576
1900
1897
513
379
1219
979
1266
1352
1576
2550
547
663
1012
1130
1145
1761
979
537
1850
2511
2491
1685
1512
1012
1212
1590
1425
2491
1512
2189
943
508
1685
1590
1890
2428
354
2268
2038
2491
1601
1327
1286
2111
1694
688
2445
2007
2317
1253
653
2023
1920
1296
513
586
590
1402
1685
663
2077
1352
855
1807
254
2321
145
2064
145
1694
2550
525
1316
1232
1253
1252
721
1685
247
2491
1599
1852
1314
2321
2358
1130
1130
1119
2491
2268
550
1253
1513
1685
1012
814
2500
400
1130
272
2236
415
1996
1253
1188
2503
1188
1513
1296
1174
1852
1927
1599
1576
935
1735
6
929
826
1576
1012
1316
1821
2007
437
1253
21
525
597
508
1253
1957
550
1761
295
653
954
277
2038
1045
149
1496
1512
1807
1694
1188
590
2189
2191
1702
663
1902
1212
415
2064
1685
1996
1947
100
590
2428
1232
1173
2004
2550
943
1232
513
1012
1130
1867
1219
1806
1188
940
2038
2503
277
1996
83
2503
979
1685
