1685
1576
513
1253
1694
2491
2428
2374
597
1913
1012
1407
550
2268
1232
2254
2012
1045
590
1599
1327
1807
663
1572
543
2023
415
1947
2193
437
1314
1316
719
874
2286
1212
2408
525
341
2064
1188
826
1123
1367
1840
742
688
752
2511
1296
2275
1590
1718
1145
1502
1758
435
1374
135
2159
2253
29
1897
544
1513
1352
1130
1402
1604
583
1996
1849
1931
2007
2038
83
2220
733
1806
1486
1512
954
2445
2503
1864
653
2077
6
1496
2321
1800
472
1902
1119
277
1329
1863
905
1247
2522
1861
1469
722
2111
2029
2451
1920
508
20
1852
290
924
268
2072
161
1914
261
2290
1821
1648
1760
21
1174
952
354
2436
149
1308
1640
2449
2280
213
1387
1252
272
935
1563
929
1761
881
2517
943
2212
373
2500
100
856
2404
537
1957
1219
1386
1991
1636
348
379
2172
1702
979
1511
1266
645
1944
721
1989
2061
2283
400
484
1822
2004
323
1768
855
36
2189
44
111
1224
499
1601
2156
2478
217
1866
151
671
1226
295
247
1890
1850
2276
1735
1286
2347
1222
1762
1753
2358
2514
1014
942
987
2174
1976
1998
1658
1927
433
546
2183
1659
1144
1082
254
2512
2317
642
507
680
31
963
1876
1063
1225
1867
1955
1003
1471
2307
814
1419
2237
586
495
2236
1767
2444
940
139
2191
797
2550
1143
1566
2187
1703
547
387
1425
95
1140
1173
145
1900
