217
6
217
96
253
574
80
104
584
229
344
399
217
344
115
80
266
43
55
40
344
598
584
229
112
239
43
29
574
112
115
172
545
591
578
217
6
126
584
428
115
112
344
316
107
344
43
314
344
482
217
591
112
40
546
217
138
27
217
137
358
172
545
266
338
112
199
544
358
199
538
172
470
398
428
356
229
115
338
251
338
584
318
199
217
344
544
126
80
126
217
43
470
471
217
482
470
470
6
38
344
80
425
126
344
356
584
80
49
546
584
338
591
40
126
104
584
471
172
399
218
49
115
545
222
222
217
217
38
335
80
217
544
490
584
584
107
344
217
358
344
138
229
318
80
38
253
338
55
128
138
545
574
356
217
115
314
112
338
104
482
202
366
344
366
470
5
251
172
266
218
194
490
482
115
404
194
229
344
138
222
235
96
545
137
172
115
546
344
104
358
344
344
29
584
335
356
251
584
335
344
229
96
584
222
344
482
482
266
398
471
172
578
316
217
49
314
591
128
239
138
490
38
202
115
428
217
404
217
38
40
126
398
578
404
598
344
40
80
194
40
545
202
217
126
244
115
229
217
545
544
49
172
588
138
5
217
356
229
217
217
471
578
538
217
244
584
428
172
314
38
126
229
470
482
344
584
544
588
584
40
425
266
366
471
482
126
172
5
546
138
55
358
314
253
218
137
591
229
398
404
229
217
482
217
138
490
514
266
358
588
253
229
218
40
592
251
126
5
126
471
470
217
217
588
80
96
172
425
229
598
217
591
545
115
592
40
471
172
404
40
115
80
38
126
335
5
115
546
217
366
112
112
115
217
115
358
107
172
194
591
80
244
344
344
202
338
251
545
126
137
138
38
107
490
358
104
126
239
115
544
253
6
266
344
404
344
239
229
138
470
222
514
217
5
266
217
314
574
235
338
344
584
588
335
217
404
194
545
338
80
235
398
598
344
344
80
217
128
235
115
217
482
217
592
253
344
470
80
598
222
217
115
112
43
546
344
239
584
55
584
584
40
229
471
6
490
5
96
202
172
344
80
490
251
80
344
356
398
591
546
591
545
344
316
229
584
222
235
218
217
126
229
482
266
544
335
574
584
115
80
217
546
43
112
138
546
115
344
126
399
545
251
5
235
27
584
115
40
217
338
514
584
49
6
96
29
217
217
40
217
592
27
344
40
251
172
218
584
425
592
399
80
344
538
316
578
217
425
194
338
591
6
239
482
344
107
470
137
592
545
115
538
266
217
217
404
425
112
253
490
591
578
55
138
253
244
545
80
584
584
251
217
344
318
251
80
115
592
138
217
202
229
470
398
217
344
202
6
217
126
316
96
316
115
5
126
244
194
538
428
470
591
335
592
49
80
112
194
49
222
217
126
217
471
482
126
172
574
217
172
545
544
545
112
80
55
335
6
471
398
344
217
202
358
584
126
335
229
251
229
253
266
266
38
80
80
482
545
43
138
344
545
482
115
514
356
115
251
194
217
514
5
335
366
27
335
96
126
598
43
172
266
266
344
588
546
253
217
138
546
574
471
251
217
204
538
137
482
514
80
80
126
314
358
194
29
253
358
344
344
217
115
40
217
229
545
218
217
344
358
6
126
199
366
471
344
172
592
335
244
356
199
128
251
574
104
366
217
482
6
574
126
425
29
584
591
80
584
217
115
40
115
217
126
338
404
217
428
222
399
43
574
112
222
545
29
172
172
344
172
80
399
244
194
471
235
217
112
584
204
366
399
204
251
314
55
399
115
138
574
546
137
338
172
126
344
137
470
545
218
266
470
344
43
338
584
344
598
358
80
490
574
404
398
545
584
96
96
318
314
6
172
40
217
344
5
398
217
217
235
217
335
80
266
222
43
38
358
344
584
538
104
6
217
217
266
399
356
244
404
217
318
49
344
115
471
314
584
217
544
584
584
217
128
471
584
470
96
217
591
137
229
538
514
229
584
591
584
316
126
128
470
43
398
358
358
584
584
194
356
229
5
266
80
538
266
80
545
229
126
344
482
358
80
80
578
545
358
538
244
358
592
584
217
578
96
598
204
115
80
356
538
126
545
112
80
49
588
584
335
428
358
217
344
217
115
229
404
199
316
222
545
578
514
338
55
217
217
80
578
538
172
137
49
217
217
344
338
128
545
235
538
592
425
217
428
358
104
5
138
80
80
588
266
592
545
584
55
217
598
425
399
344
217
592
43
482
194
253
107
115
584
335
115
584
217
217
266
588
96
356
344
229
107
578
172
217
128
253
115
598
235
358
194
80
344
471
344
358
104
239
514
366
204
344
112
314
316
80
138
398
538
204
172
318
584
217
358
217
344
229
471
137
335
6
172
470
344
172
217
49
316
344
598
229
137
584
217
584
344
217
584
202
471
55
584
239
356
578
584
80
5
344
471
217
217
358
318
538
592
584
172
96
428
344
6
217
404
404
128
80
544
592
217
471
344
217
138
229
204
199
172
202
217
194
217
266
574
358
217
482
591
338
80
229
80
80
126
217
126
428
128
217
544
217
38
251
217
471
584
80
428
40
358
404
471
592
344
544
229
244
217
544
194
592
38
358
314
43
399
112
126
344
217
38
80
335
96
253
584
40
592
172
5
344
115
358
399
80
126
199
218
199
356
338
366
253
251
251
217
398
43
546
546
138
404
544
584
38
338
112
404
239
428
545
217
344
344
5
314
574
104
266
217
217
107
222
584
470
194
229
43
80
344
335
80
172
126
217
588
244
490
591
314
471
217
404
335
194
592
344
194
471
538
126
126
217
546
584
239
545
104
107
27
574
27
251
574
29
239
584
194
104
592
239
538
55
194
217
544
138
222
5
470
266
514
344
38
588
222
428
104
80
398
40
598
172
229
217
80
545
335
344
584
96
217
229
425
115
253
218
344
592
591
404
218
172
471
5
