323
872
960
576
347
688
76
1037
411
76
341
247
6
6
1249
538
264
659
1105
1225
659
827
1225
475
1200
1079
538
135
895
633
798
977
1130
576
960
617
76
101
985
341
1063
895
1058
138
701
827
576
960
827
528
576
786
786
996
76
101
827
260
827
996
135
970
76
1015
264
1088
1275
697
76
737
847
665
582
538
752
1063
576
737
497
1037
895
494
827
175
311
171
1191
1249
538
895
591
591
617
960
1064
528
76
135
872
123
838
786
138
977
577
960
752
6
175
1063
701
798
827
960
74
376
181
920
786
1208
494
76
1105
577
737
940
895
872
311
12
591
367
319
138
1079
895
187
509
1231
319
54
181
884
475
1064
985
494
991
1058
605
475
373
659
101
982
171
903
538
311
441
1191
550
339
1079
311
20
1231
545
94
1218
609
187
940
545
423
960
577
163
1225
1184
260
76
627
341
622
838
159
1275
845
187
12
773
181
341
175
960
697
138
334
367
6
752
845
1058
872
347
76
996
920
752
376
181
1198
1184
181
390
591
798
545
525
884
1130
1218
549
798
845
991
982
847
367
1105
323
827
1276
920
752
494
786
665
895
76
576
827
76
643
334
845
697
665
920
697
76
960
499
996
637
617
1184
591
827
176
311
737
1088
940
76
773
366
697
311
786
847
895
176
1063
475
341
424
366
1208
940
960
20
76
936
509
175
347
376
867
76
697
187
163
582
991
411
651
528
936
798
311
76
1225
609
538
985
76
475
1105
847
1037
549
701
176
798
827
798
1225
701
895
545
827
752
181
895
697
1184
702
680
1058
605
1218
985
20
798
20
260
940
577
260
366
76
6
260
936
1200
94
264
577
1184
847
181
591
76
49
1184
74
982
798
390
339
827
338
867
904
76
1037
697
697
633
20
1064
960
786
545
1231
1200
591
311
94
798
181
1184
872
737
525
376
960
1063
609
76
582
20
187
344
617
637
181
181
260
311
12
76
373
798
6
366
605
773
94
977
872
798
181
54
737
163
1037
494
1121
76
171
680
341
798
181
366
1184
373
260
344
1049
159
94
1208
872
181
847
965
827
54
697
960
1105
76
872
1037
872
960
497
633
977
135
798
752
643
936
872
406
311
163
181
680
76
1225
872
76
323
181
344
884
591
1275
697
1063
591
367
643
737
20
827
737
1088
76
94
76
798
6
76
163
970
176
1105
622
54
76
965
977
798
702
1249
1064
827
123
798
697
76
545
903
390
390
423
970
76
1225
390
20
936
904
171
76
1037
101
1172
76
339
960
499
1063
752
627
773
633
135
872
872
538
76
334
827
538
617
76
872
76
798
936
339
701
904
406
1276
538
341
697
390
591
509
247
376
20
525
311
920
181
525
49
411
181
175
76
697
499
76
76
904
1088
591
528
181
373
970
960
1015
591
1246
76
847
609
752
617
76
406
985
576
847
311
773
701
94
76
960
101
991
424
847
591
991
423
904
1063
827
475
102
985
328
441
798
965
76
1225
827
1037
181
1231
872
76
323
786
181
390
960
996
341
94
424
12
550
423
680
991
1184
1079
752
1249
847
76
171
576
847
1037
1200
424
175
475
847
1049
545
1063
798
171
509
867
339
920
181
344
76
985
752
187
1184
960
591
872
181
1225
1058
1015
697
475
659
550
1079
872
175
737
181
76
181
1172
319
659
591
872
697
181
20
1246
960
311
181
609
773
659
163
697
344
76
338
1184
752
509
838
904
786
76
338
311
847
872
67
76
827
1172
970
76
576
344
1058
475
341
538
786
499
991
773
1172
591
319
538
181
1184
1231
181
6
773
773
773
1088
786
847
697
895
76
76
697
617
786
260
1246
773
1132
376
260
76
609
264
847
960
123
845
895
366
1184
181
1184
76
376
338
12
6
847
367
1225
617
960
617
701
659
847
390
1198
247
960
697
497
123
1058
1015
827
1037
773
181
737
6
76
538
525
1249
940
847
659
591
970
76
1015
163
76
847
697
960
697
344
171
54
622
1105
181
1275
872
576
344
76
884
101
637
827
424
260
20
697
376
895
94
576
659
181
341
1184
311
1184
773
181
175
960
1049
884
904
76
643
549
872
76
1184
697
260
475
697
659
576
1225
838
423
786
260
970
76
845
344
633
448
538
181
786
159
311
76
847
847
960
970
181
643
872
991
135
76
1225
76
159
1037
1058
366
665
94
1208
1088
1231
977
171
181
1058
701
1121
773
1058
344
311
895
181
1208
94
627
311
181
773
475
1105
576
798
591
509
786
1063
341
591
525
617
970
6
341
549
1037
76
76
798
609
163
74
960
773
982
1037
903
6
1208
872
697
798
1058
752
311
1225
187
20
76
960
260
752
895
737
135
341
411
76
76
872
123
1191
76
76
181
367
1246
76
76
334
347
1218
1276
591
76
798
76
525
20
1276
582
102
448
904
499
1198
991
367
475
627
367
827
872
847
591
1231
1249
659
697
311
960
872
1275
960
965
659
1249
475
920
752
576
1015
1218
643
965
528
390
76
12
827
845
827
390
545
94
985
867
904
697
786
6
991
448
985
827
697
176
1079
311
528
591
920
181
367
985
920
936
181
1130
977
960
798
737
895
341
847
847
701
697
697
390
1200
76
659
528
920
737
605
550
181
525
1218
838
1184
538
872
895
1276
138
475
1058
54
94
737
697
1184
680
341
76
798
838
341
936
737
847
341
76
525
74
1184
697
798
786
1064
328
702
970
960
344
135
697
376
123
576
341
773
1130
76
341
347
591
977
1231
827
1088
1275
940
617
247
827
499
76
1088
1200
872
827
786
1037
970
591
659
550
49
475
187
175
786
494
550
74
591
991
181
798
798
1184
752
904
20
845
181
827
311
985
181
475
798
697
1225
406
441
895
549
965
1064
102
1246
627
1088
903
798
159
76
960
176
991
697
845
181
798
76
406
752
344
76
411
1231
76
538
920
827
74
538
550
697
960
1191
76
697
181
960
895
101
344
138
827
135
960
627
827
773
884
827
181
373
786
622
525
1184
323
884
366
76
773
76
94
76
6
1051
798
159
76
545
366
175
376
872
1231
76
181
347
1058
49
499
76
701
538
985
181
617
187
985
123
373
591
424
1184
895
76
76
982
1132
67
960
960
1231
525
591
1049
101
538
985
138
1088
1105
181
960
982
76
67
773
904
171
181
181
181
936
1058
323
904
622
798
1246
102
872
982
773
637
1184
366
940
373
847
838
576
76
845
867
181
936
665
367
76
970
175
76
94
187
838
960
319
366
406
1184
138
76
76
982
847
341
181
737
171
622
960
798
701
827
181
1225
1064
737
76
1276
475
366
550
576
702
76
1200
247
1218
1246
509
982
6
1063
67
366
171
960
680
101
376
1275
617
1049
102
627
827
1218
20
341
94
1130
798
617
847
1063
1225
651
76
798
423
1172
1088
76
341
1063
637
424
773
181
697
960
872
448
827
960
1079
659
847
373
12
702
872
159
6
786
872
576
76
338
591
609
76
651
827
982
996
773
12
1276
366
903
970
970
847
827
1184
827
827
341
960
76
181
617
76
260
977
181
827
872
1200
637
982
390
1184
76
991
328
798
528
475
94
101
752
1275
76
347
1049
424
181
872
549
847
737
159
525
1276
582
884
872
827
936
577
12
1121
94
697
680
1063
20
659
845
1105
872
123
525
545
996
76
1184
549
76
827
138
872
1184
181
847
323
1121
1121
827
390
328
847
1121
1246
960
1079
643
1063
940
76
960
497
582
76
339
920
101
181
773
903
576
960
845
965
494
76
960
1184
985
181
1246
737
499
334
347
76
904
187
76
680
67
181
701
373
827
181
903
494
538
970
1058
545
94
827
163
373
936
1246
341
373
163
582
827
319
6
341
577
895
334
181
872
697
550
1184
895
76
319
76
1198
176
424
367
341
525
591
904
576
845
423
1130
328
960
76
702
538
20
827
940
920
181
76
159
1208
1088
701
622
960
1130
76
260
702
688
366
960
773
1191
1130
260
609
6
697
76
260
102
1063
123
76
643
76
591
319
697
895
367
76
323
181
977
338
867
525
247
617
576
339
1049
424
591
76
366
1276
633
1276
323
406
171
76
1218
970
773
181
872
940
76
576
1051
582
101
538
920
737
737
1208
311
376
1191
181
737
637
67
970
845
1058
181
576
697
1184
827
1130
827
1121
752
509
643
1049
1275
960
1191
499
76
752
334
752
895
1225
884
1184
1088
1184
6
76
20
884
545
1184
960
688
1064
827
1172
827
323
737
798
366
665
697
940
665
591
181
12
260
985
344
311
67
1064
1231
264
334
1132
76
838
390
339
773
665
827
872
582
171
49
1246
1105
76
1063
171
903
525
965
1225
323
376
319
549
54
1231
651
1049
328
773
76
798
538
591
6
884
20
1249
1049
260
76
643
773
341
94
123
525
895
94
1037
827
123
1184
538
366
76
525
965
341
311
838
390
847
390
366
970
328
163
637
786
1049
617
838
903
497
798
827
617
1130
376
960
867
1275
798
1088
76
872
576
985
970
773
341
798
101
1225
347
1225
76
965
1246
960
1064
181
895
576
702
390
798
786
1231
159
6
1088
181
665
6
1218
1058
960
838
838
138
1191
376
752
627
904
591
1225
319
960
1051
591
247
847
1132
773
181
701
872
847
538
903
591
920
411
904
497
181
406
538
633
247
1249
76
827
827
940
311
985
366
827
181
344
138
872
528
1218
617
538
1058
960
1184
76
538
525
960
159
773
827
497
786
637
847
1172
101
1049
591
1200
138
76
12
982
159
591
637
845
76
338
12
497
6
895
702
1200
424
845
76
622
798
1184
773
920
187
367
920
680
872
341
960
373
497
1051
895
181
591
827
643
76
76
181
181
260
960
827
1231
798
475
872
970
411
1037
617
538
651
576
591
367
264
737
76
1225
845
1037
697
577
494
1276
181
659
54
138
960
1105
499
627
538
827
475
101
1049
752
366
323
1121
76
576
960
752
576
867
1200
338
867
344
171
390
260
76
867
591
76
786
1130
1184
181
960
827
328
538
627
1172
319
965
920
985
591
101
960
1121
1049
827
260
323
494
260
577
737
376
651
996
1191
786
102
1275
591
697
847
538
773
1015
76
101
827
965
1198
181
1191
1200
985
1037
390
76
872
390
1064
895
475
181
76
977
847
960
6
996
737
827
550
960
904
1088
643
390
323
904
1058
76
344
1172
538
54
341
665
74
101
341
247
798
341
181
688
1184
659
76
1037
311
163
1276
1049
499
49
525
123
798
1184
982
76
970
76
1105
319
991
872
102
76
965
737
960
181
1130
1088
872
406
697
76
960
773
311
786
181
617
1249
475
591
12
20
1130
311
101
1105
1191
827
181
497
159
904
904
847
341
1246
1191
617
323
311
1132
1198
1231
1064
827
977
74
101
798
965
977
1184
509
960
1121
123
76
181
181
996
54
697
798
637
737
872
499
181
576
867
76
970
752
406
903
940
181
181
872
74
737
1184
872
102
960
627
76
965
609
904
1172
985
1121
982
591
697
423
135
497
903
334
1249
991
1130
497
960
1231
960
1184
827
827
827
752
12
406
423
697
181
20
175
697
591
550
347
176
499
76
159
525
617
847
798
181
260
617
617
798
76
1191
550
985
76
67
181
94
1132
872
334
12
76
884
12
940
991
920
637
247
752
311
311
960
187
895
1064
341
970
798
12
697
582
798
960
977
538
76
367
960
936
895
448
1276
591
338
1058
475
101
328
175
872
1079
1200
1064
786
627
1200
187
576
366
827
538
76
102
1276
344
773
965
827
181
845
651
187
171
76
970
665
76
390
773
960
247
260
591
827
965
1225
441
895
260
582
697
786
181
872
76
752
138
181
171
319
334
509
171
101
1079
376
1200
12
54
525
960
538
101
659
798
577
872
344
1130
702
1172
847
76
406
171
576
94
1184
622
702
74
441
175
985
651
798
827
591
991
181
328
550
181
884
697
996
181
373
838
344
960
1051
159
688
1218
338
135
582
576
847
697
20
1184
591
1049
845
977
1088
76
838
697
1051
20
1225
138
845
827
773
960
1172
1130
970
798
376
181
1058
344
643
1063
627
920
441
1064
1064
1063
651
1132
847
827
328
525
985
1275
991
940
701
737
867
20
366
659
181
940
441
260
76
582
260
591
76
659
991
76
591
847
798
311
576
773
76
1275
390
163
525
260
847
175
181
827
