285
8092
7048
4251
9926
710
1882
4789
3497
2579
7975
3908
198
5504
2361
2409
2263
8793
7189
6651
6286
4603
4565
199
2583
6207
7727
5339
8160
8094
7525
381
254
10032
2262
8475
4770
6211
6078
337
1365
10040
6182
9190
8096
5929
5263
7447
8683
4321
8375
2929
7286
3785
7102
9132
4870
7151
4369
6104
3419
6430
8728
5382
9290
7624
7878
3249
9760
5179
9353
1697
3157
6645
7569
10182
2348
6648
372
8429
6951
2524
7960
4650
5910
4753
3324
9966
560
1435
776
7283
1066
2703
8448
7430
4694
3848
6579
8384
4084
2592
650
3964
4391
1729
2275
1664
8016
1739
7196
4258
1336
3635
1611
1443
10008
4131
2606
8825
6463
3581
2712
6580
1473
3135
8083
4287
3407
4934
9620
6707
8113
4325
636
7873
5203
5609
675
4147
258
5300
6549
5187
2918
9231
5063
7578
57
1154
10214
9509
6421
5174
268
588
1926
4958
6948
5644
7288
685
2610
9308
7920
7614
5479
1065
3112
1503
10021
7395
7401
1538
3584
991
8871
6804
2007
935
3915
5341
7375
4319
1938
9663
5657
5477
7945
203
9919
6877
7953
9210
3498
2992
5844
8114
3728
7831
4362
3850
561
9284
1137
386
1422
1854
1700
380
3375
9878
3323
8896
4157
6190
9265
6035
5456
1590
671
58
1471
8280
10224
695
6635
4489
1609
5481
1908
4815
8833
5194
7098
4653
8930
1007
8805
7617
6980
6968
8103
2090
6969
4810
8025
1551
8533
9232
9956
4273
4212
9448
1348
9767
7410
4663
7256
474
2413
5221
1947
170
5699
10023
2924
1786
2471
8864
5440
4440
7607
4
4718
4014
4460
2804
4009
9269
6131
9255
1460
3336
2991
9723
2297
8964
4329
6794
4164
2888
8651
7226
1268
9403
1684
161
10082
1467
1249
4799
3
1734
6624
8167
1711
9894
415
8175
9072
8787
197
9754
499
7299
297
6525
639
8492
2196
2777
307
4365
2802
735
8304
9950
451
7203
6705
6314
734
295
8316
5368
7680
5004
4224
7508
5383
176
6634
8881
4353
6585
6835
7510
1074
2161
2630
2347
1881
4344
3410
7800
9903
9940
4906
9272
6886
6436
1234
3205
7313
4852
8189
3752
3567
5031
5362
6122
1949
2465
1
3642
6023
10221
2945
8895
649
9985
8713
9625
9596
5718
7751
494
7833
4700
5595
8484
7519
8657
4574
2572
6008
1615
7676
4019
6966
7625
5605
5647
6945
8012
535
8810
3876
7342
2768
5082
6597
9036
8299
9219
5264
4964
1850
3557
8293
3326
589
3632
2238
6033
3089
6454
624
1645
2581
2633
3193
168
4006
1203
10192
2028
7584
8894
2317
9541
3571
10118
4220
4714
10187
9138
5025
605
1198
7157
8873
5577
2867
5180
2497
330
10086
9860
9779
1996
4079
6511
3356
431
9501
246
1106
9477
7338
2520
5741
7912
7821
8792
4881
63
3478
1963
8413
5589
5305
7972
819
6509
1613
1368
3833
1009
2814
8142
747
8009
5893
3972
7897
2437
9896
3004
1118
9213
1304
1808
6324
9054
10198
9234
3192
2632
7212
3390
241
5363
1785
8875
6628
7129
2225
4796
9217
9848
694
8273
2854
6443
8436
2840
619
2241
6173
9802
10186
1463
6956
9159
5334
1237
6916
4297
5141
9082
3697
7062
8161
5677
9487
9139
5371
2203
3748
7466
5820
4140
403
1344
6973
4521
7374
9465
6146
7914
5518
6601
4850
3471
10103
7012
1744
7061
6097
971
1387
712
3512
3188
3844
1209
9830
5247
4294
8990
9721
2100
4454
1714
3401
9872
5448
107
4023
6930
9732
8661
4805
2407
4024
7173
360
9689
4364
3094
4450
4475
6169
1257
7003
584
5594
1764
1495
4412
8646
8845
944
3857
1398
2947
621
1095
4215
6042
2683
8095
70
5575
1846
8772
9739
6632
8670
3239
2725
402
8302
8806
4917
3745
8860
4721
799
8766
8031
664
9228
5904
7309
2440
5413
4620
942
4959
928
3291
9016
7140
5604
1871
7948
2145
8931
6186
3694
2076
9931
8399
8097
1859
1409
1314
2977
2743
5611
5906
6085
5229
7753
9990
3028
152
1104
4459
4884
5742
4253
2837
4430
962
20
8124
4237
9004
5876
7478
3600
8956
8508
5916
9803
6816
4888
2751
12
2074
6743
2874
5052
8690
3735
3869
8684
2865
6116
6143
8156
6911
7455
842
8011
2080
4265
4947
7121
2663
7898
9586
931
3381
3439
10222
10154
1461
1746
7391
7128
9245
15
3231
4499
6905
3050
8576
6756
10165
371
6278
2255
7291
3236
9717
9259
6005
5461
4678
4681
8179
2073
6506
243
961
7047
957
2230
3692
3517
4798
1241
9365
8521
10120
4544
7214
3289
5029
1180
482
5140
573
8659
6670
1053
4956
22
10006
8216
2047
7367
3131
3156
6017
8618
4161
5195
2686
8993
4670
2589
532
4513
863
2496
8841
3806
5227
4633
469
5006
169
6378
6978
1540
1704
7673
3724
7827
1159
8850
149
6349
7132
6679
6746
862
6268
4254
7762
7829
7585
3653
1294
373
3975
4738
2565
10136
673
3999
3093
569
804
6508
2908
1957
2304
2064
3960
9505
7472
853
3731
7241
93
6114
4380
492
375
3063
3661
3997
1616
10145
837
6975
5104
4318
6383
4999
7457
4013
244
8004
5012
1242
4495
1071
1303
8789
8185
9718
8750
9063
9180
9846
4086
8738
9399
3254
8692
4591
8837
3260
5812
8909
5233
1661
4333
4282
981
3998
6739
603
9118
683
6590
6854
4594
778
2986
512
9601
4928
3882
1388
3645
327
7630
6582
1181
4567
760
1694
1995
8268
3798
4239
868
2624
2639
7547
5337
3306
3095
6223
2522
8119
8652
6928
8677
8259
10061
5217
7406
10179
4606
8295
2414
1833
9028
8543
8721
10116
3763
4703
9352
3676
741
9042
6388
3688
9005
7767
5985
9886
3168
3755
680
3627
952
4383
8645
8059
2779
3428
9012
9327
2412
3738
8379
9350
7648
6711
5608
545
6528
8605
6547
4771
7008
6276
120
2919
7701
6155
8023
1199
7779
2650
188
1810
4465
8668
7544
834
5688
9528
3372
871
8320
3765
9642
5076
3767
5613
8842
7303
3757
2097
5989
418
8583
5459
9432
2296
1235
