5334
7975
6314
621
5217
7569
4086
10032
4251
2712
285
9228
9132
3785
168
1616
1786
8792
7478
4513
8677
3908
7569
1159
8059
3004
4753
5741
8092
8302
8375
188
4681
431
5217
8990
3336
2074
8728
573
4131
7048
650
1053
9509
8302
6651
5876
10040
2579
5504
8605
6454
10224
9956
10154
285
7189
3497
7286
4789
7430
381
981
1882
8993
4369
636
3324
8167
6651
9966
8096
9219
268
6711
650
9465
8576
285
4251
10224
285
7466
7309
3439
9231
8964
499
5371
5203
9926
7831
7525
2633
285
1348
3869
8659
1947
7395
2867
4364
1503
6211
9352
7975
4251
2524
10008
3192
8299
1882
8728
5339
7519
6966
9663
4789
8094
285
7375
7578
9269
7048
418
5194
285
2297
4964
9231
3581
3848
1
6590
4239
469
4362
4251
7189
6278
7256
3833
6035
2919
8875
8448
5916
8690
4796
7140
1009
6634
5605
5910
8179
4521
6023
1007
6739
6835
2579
2263
5647
8713
3728
4565
7157
6968
9830
944
6579
4906
1137
1609
3642
695
8268
4251
8845
561
2409
285
685
1314
2725
6511
10214
9210
8096
258
5263
268
2348
7975
1066
3908
7048
4009
6707
6590
6670
3997
2579
6211
5504
7447
7975
4603
3168
7338
381
9990
5382
8875
7048
6035
4465
6547
2161
5179
1882
10040
1551
3806
9448
8793
4870
6648
2361
386
403
6525
4391
710
8956
9760
4321
6679
1734
8645
3419
1473
2100
7367
1007
4738
9180
671
5187
375
4369
268
197
6978
710
776
199
8179
1882
2986
285
776
2064
8375
6211
710
381
4161
6463
6651
4287
636
5339
4253
8160
9663
1611
1074
6648
372
8092
8280
944
2361
7680
8092
8657
710
6968
695
10214
8009
6033
1473
8094
671
9505
9509
5012
4958
9926
1711
285
5339
241
5179
8161
285
1729
6207
9760
1503
664
4220
560
8092
8095
469
1443
161
4344
9931
3767
7189
804
2361
9926
9352
7196
2579
8092
5688
8793
7048
4251
10214
6582
4321
8896
3497
6211
4251
1368
2991
3478
3767
5504
7831
2028
7048
8160
4934
5383
5339
380
7975
1611
6973
3112
499
4412
4251
2606
1471
3407
2592
9894
4353
4321
8683
10165
2090
285
7048
5575
4513
8429
418
5910
4459
5247
1551
7401
5203
4369
6286
5382
6877
4489
5052
285
7286
3497
57
5742
4499
2837
3063
7151
7342
7920
8896
868
4852
203
4465
9860
8293
2802
8092
5263
7727
6746
285
10021
2630
3192
8894
7519
8810
9269
3156
4714
8083
1409
494
5339
7920
1422
1786
9509
9028
6651
4753
2579
675
5647
4594
6930
9016
3785
2947
2589
2407
8841
9132
4084
710
10032
337
3964
2751
7831
9284
4251
1159
7831
386
4147
8657
6978
7048
6078
3915
3407
360
1538
58
10179
5812
9353
5844
8092
1734
9894
6746
8379
7547
7975
1234
834
7173
3498
1615
20
7048
1697
7975
307
4653
415
7447
2090
636
9365
6463
7401
8475
9308
5481
7617
2945
3848
2263
1729
710
4934
6430
8216
2581
3323
4799
381
5876
3419
8160
2977
685
9245
4251
6421
991
675
2524
3419
5339
4325
1463
381
1850
5052
4131
1764
2414
4251
4681
7624
4460
8092
6877
1882
10008
7157
8092
8379
7975
5589
776
9265
63
1785
9732
371
8956
4789
6463
7430
1473
7960
2632
7048
7767
4796
560
9966
560
1859
2888
10182
7975
3192
5382
6945
6549
3653
380
4650
1616
5368
6173
4251
2992
7395
6169
4009
4391
1009
3908
4770
285
8103
6443
58
285
8280
5341
2230
5031
6969
2263
5029
8092
4489
7173
7975
9966
2262
2592
9966
198
2592
8092
5029
7048
935
9926
10221
4958
1503
4934
8092
6211
8094
6951
650
3324
7873
4770
451
5104
285
5339
2262
7203
4239
5611
1348
2263
3833
6651
7827
6905
1095
5504
5820
4603
199
9926
7048
7048
2918
9760
4459
842
6169
3375
4353
2583
3738
2929
7102
1704
7212
7831
7288
1463
4852
1241
3192
7048
3306
8092
4603
8841
5174
6078
6528
9016
6973
8375
2686
7821
9210
4603
2262
9596
8875
4884
8841
710
10040
4789
8097
2238
5006
9231
4321
4770
741
8651
2991
1850
2703
9265
285
991
710
4294
9269
10187
285
4258
6324
7727
1461
1697
6707
2524
3567
6707
1908
4771
8092
3557
7048
7048
8805
120
3653
5644
8011
8668
7048
2007
4603
9353
7525
1908
931
4265
3407
4934
4251
4014
4958
5504
7525
2919
8413
1739
7544
1007
2802
9399
4212
2225
5611
9919
4565
8124
9926
8772
4565
2412
5339
2230
1882
4565
2579
4273
8871
6634
4239
6207
337
650
4364
6951
3497
7676
4084
2361
710
5644
4789
5504
8092
9501
152
1237
6207
5187
7975
4633
2663
198
8728
8011
7569
7519
9620
8413
4603
6430
710
9448
4014
4603
8930
6268
5504
7151
7430
4947
7630
4603
2074
7062
3785
3094
6286
3192
3497
4251
7102
8092
8651
3908
9985
8379
671
7062
415
8792
3908
4771
3635
9802
6705
776
8677
8092
4934
8113
5229
3972
7410
8016
1159
474
5699
3642
8492
9767
4251
8806
3635
10086
7132
6186
2579
4450
198
2361
1538
285
1538
4131
7751
7008
1503
4603
6116
8646
6835
2263
5605
5300
7226
7048
6973
991
5595
4383
6711
650
2991
7975
9803
3798
152
3755
9767
3512
10040
6008
4251
7912
8316
4380
2579
3112
2297
3050
8860
2076
10032
3581
3497
694
4287
3497
8805
1664
7048
7827
3581
1734
7912
6207
6131
7624
4258
7607
8092
8896
2407
4799
8543
2238
197
694
1336
7241
4131
2804
6023
1365
9830
6114
9926
7375
9290
2579
8119
6951
8825
4333
7975
6549
3908
371
2579
6877
3439
2579
7395
6169
169
9760
3735
5985
2028
285
4251
6980
3642
3632
649
3748
1938
5063
5812
837
2263
6506
3745
415
734
3131
650
4694
1882
7048
5893
4565
3497
671
8990
2262
8793
776
8475
5187
8092
8160
10165
10021
1009
6877
3964
4603
1242
4237
2263
1095
9950
4653
2992
8521
1882
9477
2579
8772
991
8793
8092
8004
3135
2579
9896
1661
9596
3168
380
928
5063
8894
2409
372
5195
6383
2348
3497
4694
4789
5910
871
1882
9353
4565
7975
2840
337
710
7525
4770
5504
3231
7569
10186
1159
9940
6973
5179
6651
10182
5608
5341
1882
168
9586
588
6349
694
1388
285
285
15
8092
4663
3407
4789
2579
4325
7410
3763
1746
9767
4251
3497
4084
778
5604
5063
1661
7430
372
307
1443
6430
3324
3571
7525
1734
4700
431
3692
7975
5699
2992
2579
7680
6509
5383
3249
8583
8652
3728
2583
8103
1704
9327
8092
4850
1336
8956
2610
3975
734
10182
2712
6186
7779
3728
5339
2275
3497
2409
4789
2047
10179
9760
8793
8096
7283
4694
5481
10040
2712
4958
7196
1859
5448
6651
6911
6169
8521
4319
2579
8092
8092
2929
7897
2028
4265
5029
203
7478
8793
8806
5233
3785
4495
5305
1344
5141
4161
1538
9432
1365
6314
7098
1181
8683
6463
4365
6877
4287
710
7012
2263
4870
199
1074
2347
8160
5247
7189
10040
7012
5594
372
9717
9448
2610
1995
8837
7975
8683
7048
9028
4770
285
2947
7466
4254
4251
9966
3752
8142
7525
8025
6173
6835
1882
3260
6078
1242
6916
8299
1871
375
4934
10040
199
2743
6585
7286
2874
4574
2633
971
2589
4294
2579
5929
5481
4881
5383
4789
381
3785
6835
4391
4700
372
8860
4565
5440
4251
9779
9245
5187
8179
4603
8533
8429
3833
7727
469
8189
4753
7128
4006
285
3249
4014
2263
4224
10032
10021
9448
4663
197
2929
8083
3401
5459
8375
337
710
7457
1237
1611
168
2414
4815
7960
4131
6743
8094
1949
9501
4906
4412
1443
8092
9956
5263
3915
1926
6707
285
7048
5929
8092
3004
7283
3908
6436
7375
3094
4603
9231
1938
8113
8094
8896
2918
8956
4287
7676
285
4084
9926
5383
8657
5263
4721
9054
5203
1422
10082
2712
624
2592
7047
1684
7447
6104
7624
197
169
2080
9063
2007
3291
3557
5300
1613
9966
5893
2471
8092
58
7291
8657
6645
10032
3915
3094
5456
3785
4391
6597
1154
6804
5595
560
4753
381
6579
3908
5477
5063
9926
8299
58
5577
10032
7406
9767
7614
7912
9926
8092
9950
710
8160
7727
4147
10082
6278
2840
7975
1159
8092
8875
9732
2465
1882
2592
7975
8304
6951
4319
9365
2804
241
4606
4703
2361
1785
8016
4251
7680
4258
3131
1303
4147
9723
2610
991
8016
7975
9213
9501
9210
842
8092
10182
4454
9663
337
9860
8092
5481
2579
6705
5929
7945
2275
1711
6114
8025
9272
285
2413
8160
2650
7578
962
4870
9926
372
285
4364
7578
7286
8429
7129
2361
5910
1714
2241
7878
1611
3156
961
381
6131
8533
1104
8092
3205
7762
5217
4212
4258
3168
5203
2047
5575
7012
4594
1697
3
2929
8113
9290
1739
6916
1854
871
7048
3850
6945
4369
4789
6648
8016
285
931
3600
8805
6835
2145
3765
7617
9926
6286
710
8016
6756
3581
3157
2924
7827
8448
9926
1746
9072
3231
198
8103
2007
7519
4789
1908
2712
7401
6443
3876
2918
4297
6634
7098
6122
6980
1609
7920
8728
7048
4131
4789
760
4251
9448
3336
624
295
3728
6421
57
6651
6443
1882
7286
285
9926
7447
8850
1348
9190
8092
8092
6286
3964
1859
8092
4006
3869
4653
4251
1926
3972
6948
5063
4850
5180
22
8683
9718
9232
197
5812
10021
6207
3168
8114
6207
8016
2348
285
6951
4495
7525
842
5362
10182
3497
2275
7833
4999
1137
8448
3735
9063
6635
2471
3998
5180
6286
6023
4770
3964
8805
9926
3428
8713
8384
337
10006
7585
8429
10186
5382
8429
9139
5812
6951
734
7878
4694
6207
3028
10214
2100
8789
7048
6122
5174
5575
7727
6114
9004
624
6421
2703
3381
3157
2262
9231
603
8095
5004
3497
3512
2977
8375
1850
4958
9739
2581
7048
1957
853
2650
297
928
6104
2583
285
8728
5263
8094
5383
776
3239
957
7727
1249
8299
254
8429
650
3192
3584
8670
3324
8004
6211
710
5263
2007
8114
6207
4251
10182
9760
7189
6122
7569
2241
8092
8692
5031
4789
5699
4603
4565
285
2409
9541
5264
710
7727
4753
6707
7214
6211
6978
3497
5699
7391
10145
9779
7061
8160
2263
8092
1611
3324
710
9926
7624
8825
1473
7753
5929
285
3785
2918
3765
199
3306
2409
3785
9732
5929
241
1095
5456
7455
2991
5718
6131
4440
9159
9353
285
3188
3249
7727
8094
4700
4251
624
3419
451
5305
1241
149
8092
7288
7283
1882
1
6648
4574
3336
8384
9601
9940
5187
6378
4633
1664
6635
5174
9213
2409
381
107
8475
685
7391
4321
9255
4606
2080
694
5820
1882
7762
4251
2471
9448
8059
871
4770
710
1615
8576
285
4928
5504
710
8618
4956
649
2663
9620
2908
6756
6549
8092
3581
5179
4789
7751
1938
1066
9926
6286
4220
7585
9432
197
6430
285
1729
10008
9926
8842
9232
3692
285
5613
8012
2991
3205
1503
8175
8652
8721
2908
381
6131
2610
4574
9760
9990
7727
5575
4251
6207
1609
6804
9308
9054
381
7189
2712
9926
4164
9926
243
1463
7584
8004
8092
8645
8095
4964
9779
7625
8092
7948
3915
4810
9926
2409
6854
2630
6207
3763
2230
7196
1734
7821
9353
7975
1729
2977
8738
8092
8789
8993
7286
8475
4678
7878
10032
2579
5929
3336
2814
7291
4789
5504
3964
6286
7342
4906
7972
799
4934
2583
9596
6454
5217
2348
4850
199
6116
1551
1611
7048
7140
5263
6916
1007
10021
1435
3697
1664
10214
10040
6651
4789
3236
1734
7878
3806
7975
3193
1729
8661
7283
5989
7920
5371
1443
2592
9353
197
9846
971
7048
6635
7391
4460
2712
6207
6182
7048
7466
8668
6585
1697
8012
4789
5339
7607
1700
8304
5029
9739
6978
649
4287
8179
6286
10224
2814
7196
5481
8375
863
3635
6707
4237
6651
5477
9990
1734
7753
6651
9284
199
569
8875
4544
8864
931
285
2047
6670
1538
6580
7048
2361
3785
6506
4650
244
8825
6286
2090
7831
9779
7873
8302
4606
8259
3697
2409
3135
8092
710
2262
9926
3249
6182
9926
4459
6223
8092
4009
4333
3323
1461
5141
512
6743
4251
2633
1704
9290
8092
7196
5504
2579
2409
4796
4917
4810
6104
285
10032
2361
3997
6286
3205
2768
8793
8113
3497
3193
7510
7048
6707
5004
1463
8475
3410
10224
8533
3998
1065
7189
6190
168
6634
2161
7920
7048
4565
4906
9245
1609
3997
6511
3908
7062
5104
9308
7914
649
9894
6648
7374
2610
3260
1786
1859
1314
7048
4714
4251
9213
4906
2524
8805
4770
5140
8092
1198
2743
1882
9284
8268
2977
8103
8384
1540
1697
8825
7048
3439
8375
935
3632
4364
7914
4815
710
7584
4810
10214
2929
285
4391
2317
7048
8096
8094
7048
4700
7048
7128
170
9848
1734
1365
3471
8189
4513
198
4789
7283
1387
5504
2409
9477
2583
9290
3692
3135
6169
639
2263
9308
9180
4870
2865
1613
3844
624
285
1473
2262
285
9723
9848
3428
8475
9760
4663
7189
8094
1435
7048
10120
5339
258
9926
4714
7508
4251
8094
6628
3512
6968
7047
8508
8576
4934
4681
8894
2583
5382
9926
3324
1503
8721
8683
1734
8156
285
3908
3964
8750
1854
4325
8179
9290
5187
4258
7953
991
2262
380
7173
6131
7878
9213
10214
935
8475
8189
7821
7569
8160
3093
2100
4753
5647
9926
9190
569
2579
2064
9894
1882
3908
10118
9272
935
8845
3498
4565
573
9118
1786
9886
7048
4333
9255
4319
4282
1538
9448
5187
9926
3497
2090
9036
3908
2592
6590
8990
7196
5179
8873
6624
2275
4565
7374
8895
6324
7831
2929
710
8095
9625
5477
2977
415
4344
2854
285
3517
9926
8375
5741
8651
3692
7762
6705
7430
1996
2583
10040
512
8793
7151
7173
3497
7226
6928
285
9966
2297
4810
1435
10224
199
7003
6968
8399
5504
375
5604
5339
2639
5479
2579
8436
9132
7625
7283
4810
1963
9290
7525
4220
8092
285
285
7960
1066
3635
8160
5910
7727
760
93
5179
6980
3998
1949
1154
8114
1118
9231
8092
7478
4215
1645
6033
7196
8167
5609
5371
3497
741
7447
5341
6190
7920
7975
7578
5677
7151
9403
1471
1074
1611
4086
7430
1846
4753
107
9004
9353
6190
9501
2414
2361
3497
10008
10021
8825
9308
8124
10040
7624
8268
203
9255
2867
9234
4789
7920
6207
4362
2579
5371
2606
5504
10182
10192
12
8484
7762
1065
710
6286
1859
1203
8092
3
4164
1908
9990
6648
8871
3848
944
5194
9926
7189
4815
4770
4325
6580
1065
4369
1538
2238
6122
285
4084
3692
3407
4670
1241
8320
5929
9308
285
7291
4251
494
9290
2471
5479
9926
199
1463
8094
8092
2804
1336
9990
373
9265
2145
3498
2263
7525
695
337
2743
7975
2524
9926
197
1065
5504
337
3089
573
7624
6182
8083
9159
70
1268
804
5339
710
6948
2409
3584
285
198
6582
5368
6634
6104
6835
6508
3908
2991
1739
4633
6651
372
1241
6973
1154
7196
285
330
6601
10214
4369
285
3632
7975
4789
8429
2703
7975
1467
2409
804
246
6463
4753
7098
4591
2918
2238
2090
9219
1609
1850
2524
7128
4852
1947
5029
8475
3407
199
6651
9448
535
4251
8651
512
285
5203
710
1926
5263
4412
3645
7189
9926
285
15
9760
804
2073
6085
4369
2275
6969
1237
7299
3661
8011
1908
7960
8059
7189
7525
2297
492
5893
1739
6005
8793
8728
4251
588
6525
4440
10040
2407
10040
4770
2565
3239
6286
9054
3798
6104
3850
4220
7878
1729
710
1739
6286
8092
9926
9403
5448
4251
9926
3390
9350
2297
9259
7751
9432
3697
4633
4850
4694
7098
8787
7508
5456
4086
285
842
199
5025
6454
8092
9265
1882
7342
619
2703
776
5448
6968
372
1938
3205
4251
5929
6190
6969
5644
9005
8429
9399
5844
297
6804
268
7873
6078
1882
285
4718
5677
6207
4603
307
1957
3724
535
2409
1882
4319
3997
381
57
6421
6430
8873
4220
3478
9353
4884
4694
5604
8295
4499
3236
10214
2361
710
2712
2929
9290
710
7578
7375
6122
6211
5383
1467
819
7098
9966
7395
5916
5589
4650
152
7048
3497
7286
5448
5383
2255
9926
2262
2581
8990
6286
3131
8930
6651
337
7132
6314
2317
1398
1871
819
6597
1996
3975
4251
9290
776
1882
4789
4251
710
7525
6286
6651
285
4019
671
4440
6324
4815
3
8092
1734
8683
4454
9723
6276
710
3497
10224
4329
3584
380
8657
6286
8175
619
258
7953
285
9620
6017
198
1538
9399
2630
9985
7375
8810
2991
1198
8083
9118
9926
3089
7569
6835
9732
4251
3419
3676
9767
1066
9596
935
8092
6211
8304
8299
3581
8092
492
639
2263
8875
4770
5504
683
1661
4694
5264
7624
776
9985
7525
9042
3785
6930
5337
6114
1882
6430
7727
7762
9723
381
9926
4653
1661
7189
4369
9760
6207
8825
8646
9269
5609
735
3908
6186
381
6314
7975
3157
8012
1422
8092
5141
3728
8092
1471
6443
1645
535
8280
3908
8990
6508
9072
6078
9290
1882
198
9138
285
3635
8103
285
8448
8160
4
6951
9848
2918
9072
9860
944
8092
1645
2263
6635
7727
1700
6648
7727
6635
4798
4258
2437
8683
6585
6186
4251
9054
199
7975
3757
4917
9308
4147
9210
6585
4251
3745
7920
650
3249
2497
6116
1409
8436
3497
9477
7447
1664
4799
6645
4770
3419
2522
747
535
3135
710
7367
3728
3676
7189
8092
2074
3260
3249
8993
198
6436
6314
6008
8083
9399
6651
2348
7048
9350
4006
2703
6085
3785
3848
7196
8179
6951
9926
2837
3375
6705
9894
6794
3
8436
6651
4789
254
3915
254
1694
7286
1882
952
776
7102
7727
710
3381
2929
3410
2929
3915
971
285
8475
3419
2565
2262
1065
7833
6580
2924
4131
3635
1538
7569
5916
8160
6707
2579
7478
4650
7914
710
1882
2924
4653
1949
198
168
7753
1881
254
372
8787
2945
4815
7878
5718
4789
5229
8842
3833
4369
1882
1467
8316
2263
4565
4565
2100
935
2361
3915
9028
6585
198
3915
8092
9723
1664
1249
6877
1235
8429
2992
1882
268
7767
199
8521
685
2924
3249
6651
5604
8659
6951
8683
4251
6207
1443
9290
4297
7410
474
1664
3326
8083
675
8670
9290
5504
4369
7309
4565
198
2804
8175
8011
8871
2409
7972
4086
4251
2579
5479
3642
5263
7614
6078
7151
9477
7256
710
3908
8670
2624
4251
4753
6624
7478
6590
3728
7447
4603
3763
1729
5363
7800
7189
4319
3571
8094
6549
203
6648
168
1744
2650
3567
735
7048
7189
7048
1460
4131
8787
3964
1881
8864
1495
8092
3728
9232
1908
10154
1859
2440
1850
5609
710
7048
492
683
5076
7128
3498
6324
3497
7313
5368
1249
2639
4789
6286
168
8375
10182
7151
7607
8837
6005
8092
710
9509
5518
2225
9290
3135
6804
7048
1551
3231
1471
492
7975
3236
3497
8025
8011
4369
4369
4753
6042
3908
9528
5613
9718
1661
2522
8713
7975
1314
8670
8651
2080
70
1106
10032
5589
3004
2263
8379
10082
7831
4798
9966
5263
10061
695
8096
9290
9132
6023
8651
9210
285
3908
3471
6286
2361
9465
7395
4999
5221
4753
4771
1368
971
3908
7203
9878
3497
5910
7129
1645
285
4964
10224
5174
7430
2867
7920
7003
3697
6182
6601
3236
4023
199
8316
6463
1694
3869
3498
8293
778
9760
4440
9028
3231
962
6078
3439
198
170
168
3306
7525
8025
9159
7753
415
1615
560
1460
9723
6122
5187
203
2565
8160
1949
4850
9886
2409
7975
7447
1249
254
6463
8492
8094
4521
9760
1938
5339
285
199
15
3291
9180
4251
710
7873
4329
5906
3497
2100
2751
1926
9501
7203
2524
2080
5812
9760
2262
5910
6948
8031
7578
4603
373
6207
199
9528
9290
4753
9350
5718
8092
4251
2262
285
6951
8508
8092
2606
9190
7048
2361
10032
6980
2703
4364
9926
7189
8161
6078
6186
1926
4738
7519
3694
4670
5604
4220
285
6886
6951
7048
8931
584
285
3249
7912
6033
1461
4796
9985
2522
1435
10154
7975
8113
285
7375
7762
6624
7953
8097
561
8670
5605
5263
4703
2080
7048
7447
8161
6454
9272
254
5440
2592
10165
5341
372
8399
1609
4333
7478
3635
9036
9231
8683
7189
842
7624
2361
10118
7727
1850
2225
8142
199
6454
198
6951
735
5589
198
991
70
4014
9926
4251
2073
4753
3375
8750
5481
8096
8092
4344
4251
6743
2361
2161
4465
8167
561
8092
9926
1065
8096
8259
6182
9269
2703
3738
381
199
8175
1180
199
3135
2263
1645
4870
710
5577
8160
2409
2579
1235
2263
5741
8160
8652
8119
9896
199
9509
6508
5339
199
494
3
197
5362
4131
6645
107
2262
7288
675
7701
57
9190
3728
4265
381
1199
6078
2348
9290
3584
1684
10120
3512
3112
9754
7960
9926
4681
935
2802
2203
198
9803
4999
8094
9132
3323
7960
6122
8651
1882
5479
7914
2579
7048
8160
10032
1615
2633
4594
7466
8728
3975
7048
2579
3407
3205
5368
560
7831
3254
4489
8004
6804
1241
6286
9966
9180
10120
650
9956
7614
1882
8375
1697
9505
9290
971
671
9231
4369
7286
9054
285
3497
372
7625
7048
5644
1435
710
8092
8160
199
3848
7624
6804
5504
1684
3497
7920
6078
1833
9232
6951
1
6804
1435
2414
4365
9860
8793
3407
4770
7189
5820
7048
3642
5217
15
6975
4603
561
3645
5609
380
7912
8094
6097
8871
8092
1882
2073
8185
9596
1065
285
9245
6679
9159
4450
1137
1203
9931
6711
6651
6707
8092
8167
4620
3661
6651
7128
2804
9210
9399
1181
5264
776
3419
6511
1065
6648
8896
6579
7914
5481
3908
8375
4799
7455
4224
694
8092
3497
2579
4870
7525
1137
853
3692
4603
9501
3497
10040
285
8092
6905
10082
3390
6969
5608
7286
8095
8793
381
6632
2361
5609
2579
4318
3785
1746
735
5657
285
1697
3375
4287
10023
8475
8025
7975
4958
5082
4239
8092
2090
7831
1540
2097
9625
6268
2583
3584
8810
3581
8095
4603
3094
3188
9926
605
7048
198
3095
7455
198
650
6978
7727
5187
2991
2683
5929
7048
1
4521
6436
6349
4721
3627
4789
636
5844
285
3249
8096
971
7367
5187
2929
9353
8825
3908
4383
8092
4603
6705
957
7062
3375
545
8092
372
9190
3497
9509
285
5504
7878
6707
7410
2304
9350
372
9308
7960
10118
6116
2686
9190
6980
671
3998
8096
4870
8475
9985
8160
4365
7151
10214
9926
7751
2703
4663
710
9132
1365
2874
9036
6651
710
4084
5174
8092
474
4079
7189
1947
710
9926
2572
7607
9926
9399
8792
6211
6430
6582
9072
712
9896
7878
9926
4789
9190
8023
636
7878
7048
1882
5989
7727
4499
4810
8092
6182
695
1463
8016
1949
1882
962
7406
7048
4321
285
9255
3356
8875
710
4789
2361
3323
3401
6443
1963
9919
8810
10187
6122
6443
7283
10182
2437
5187
1066
403
57
6033
1065
6078
1684
5179
8683
7157
8092
4251
6190
5657
3306
6707
7569
6207
7525
5179
7624
415
9620
804
4251
6624
8475
3498
8092
1249
4265
10182
710
337
3908
5180
8677
8683
7395
8657
561
2348
1095
5339
1065
5481
1882
5479
6951
7342
1609
3998
512
168
8216
5657
7008
254
7313
3755
4770
161
710
386
7466
5076
1613
1609
9896
1009
285
4964
5227
9754
3471
3848
4850
871
1268
5504
6085
1613
6430
5383
5876
7472
474
8092
1850
2977
9926
7062
258
10040
1071
4006
6383
9448
2802
474
3964
8092
8670
6078
2471
5448
1473
199
8429
6670
6276
6078
4251
6421
1949
7960
6628
8683
10224
7132
7286
6104
4344
710
3419
9448
2263
2409
7430
381
7878
1344
7701
4013
4329
9228
2712
10187
8023
5247
9966
6286
10118
1882
3584
584
9586
3964
6951
2610
2304
203
168
6966
9232
381
1199
5504
10040
7212
2348
4770
1118
1471
7953
1613
6430
6421
1268
5382
2777
258
6104
1882
3157
4815
254
6549
7283
386
5363
7676
5141
1538
8124
5605
3028
6905
776
8825
198
9760
685
9217
337
9448
8399
4440
2524
6005
7048
2583
7189
3497
4251
8092
8683
7286
2579
3724
9848
6651
10145
4362
7048
9926
9931
2412
4294
6278
5339
198
6078
1882
1590
9269
8094
5647
8429
747
4770
380
1882
4273
8825
386
2919
7975
7048
9903
4369
6286
4958
4014
3157
4770
1611
4603
3471
4565
8096
6945
3112
285
4391
4513
710
285
2413
5611
944
7283
3193
285
8684
5910
1398
1882
6443
7151
5448
5371
4620
3584
7189
4565
4934
2579
6549
6651
8092
7048
3498
3512
8896
1882
1422
2703
2610
8894
2606
5179
3063
8576
605
2409
8092
1538
1137
9903
8670
5029
7585
5479
5006
4815
1854
9509
482
8083
6463
4770
4789
10186
176
6525
285
3748
254
9159
1007
2579
7625
2632
8113
5688
9872
1882
6443
5742
8805
8429
8011
372
9190
10222
4565
4650
4959
7447
10154
6886
4721
5644
7048
639
5300
2583
4251
254
8448
8436
4606
1473
8871
9894
799
2524
5504
8160
6443
7342
2633
5989
6525
9272
4650
8651
6624
8092
7525
8094
4251
3632
7878
3
7510
2945
8316
337
5609
8189
8805
6835
7189
8475
7286
971
3419
9054
6632
3497
8189
799
9931
863
6980
6651
203
10032
386
4475
9231
4934
4215
8016
685
2606
8114
3694
6023
7048
9926
5518
9723
8543
4650
381
9739
3908
5929
7975
1422
6035
8657
1938
285
4917
4718
10040
7291
10032
4140
5481
3806
3193
1365
285
7751
451
4131
295
198
3291
2409
6268
4380
5609
6116
2262
8095
4006
7151
1203
2263
5203
2650
3193
2465
1009
5577
5031
8009
7831
7212
6182
7953
6430
6911
4251
1209
1551
5929
8930
8833
2592
3848
8092
4633
3497
4770
6421
710
5609
1066
4565
2579
8092
7121
1609
7151
7975
2581
285
7975
1435
285
2583
4321
9802
1739
9213
6651
8156
8096
5263
6097
285
7048
10032
8160
4273
1294
9403
7157
6951
8618
3497
7048
6794
8521
9353
1609
3157
3975
9689
4344
710
1808
8475
7975
1336
734
9596
1854
8645
8793
2241
7430
9718
7061
6436
3584
6739
9138
1882
7256
9926
4650
1209
8092
10032
1882
3557
10023
6645
4460
1095
7048
2262
3028
862
1786
70
8009
7375
7299
7196
7395
6547
4251
6973
8964
4670
4319
710
4852
170
8651
3517
3497
9950
285
8092
2802
10040
2407
9601
4770
6131
8871
4850
6978
4369
285
776
588
9139
3512
7286
3584
244
9487
804
2579
6008
7410
5076
4147
1734
372
9448
8083
5203
712
8092
5195
4013
1368
4157
7648
9717
4565
6430
1996
5339
2520
3632
1661
5906
9012
3375
5179
2196
673
4917
675
243
7975
8096
7098
8475
1882
8875
3497
63
8805
6835
1538
6211
4251
819
6590
285
3581
5334
5203
3410
9054
649
6945
2304
6430
1443
1684
8993
4319
7578
6956
6349
386
8583
7727
7342
4157
7151
2579
6430
4789
1065
6886
3157
161
6463
6042
7203
2361
1180
285
5339
2579
9846
285
381
2196
4999
2196
621
1209
4959
842
710
4258
7625
694
3336
9290
4009
6651
199
4653
9926
2663
1744
2262
8114
2924
6648
8299
1664
7048
1180
10103
4805
6155
7585
8216
2583
3833
3908
837
7062
8533
6430
6104
5263
4650
9132
4084
5179
285
7975
1467
6383
4947
8179
285
4369
5504
3972
8448
4251
621
1071
2497
588
7525
6743
671
6286
9255
7048
7585
5929
1704
5052
7048
7048
4789
6463
8873
1963
6549
6454
6794
3908
9739
8280
5893
9255
6756
58
198
7212
650
9190
9760
2712
8825
5575
7048
372
4380
8896
8092
285
8750
8092
6207
4603
5229
5929
8436
176
9005
8031
7003
1697
8092
176
8142
8792
4212
9625
1203
3497
295
1850
4147
5227
1422
9005
4251
1074
6122
4251
1746
10032
3407
197
415
952
3188
9213
9232
1365
9896
10118
4700
9231
297
9269
6969
5140
2361
7975
4321
403
8728
5644
386
8316
7447
7676
9213
197
7098
7048
7972
6190
1398
1882
4934
2262
8766
4251
3356
198
3306
8092
8119
4718
4770
560
4364
9721
8766
3419
9926
639
3915
258
285
3972
6756
7912
176
198
2579
6582
9072
9016
4147
4513
4565
3882
9894
4258
1104
3653
10224
380
1882
7831
1398
1764
9159
569
5263
1095
5012
6268
3497
1365
8092
8728
4140
685
7196
694
7897
57
8379
6528
671
8096
6980
3960
5362
4287
4650
8728
4753
8646
4681
9966
9259
1348
5577
5611
3964
5456
4653
3642
2263
7291
5985
10021
3908
1938
4365
6131
2579
1235
9985
10006
7833
7048
381
10032
1697
10145
1882
5227
7897
1711
8160
6211
2583
2471
871
4084
8092
5031
6948
1871
4224
10021
9926
3497
2918
8114
2361
621
4321
4365
2579
9290
8083
6956
9620
1882
7873
2867
4594
10165
3908
6580
2262
776
4157
6707
9190
6023
7878
5076
8025
10103
5910
8860
6104
2777
1786
285
4678
4958
2241
2145
2583
10008
2579
6651
2064
4273
5082
4251
9919
8683
10136
4157
6078
4253
6580
6804
8092
5031
3497
381
2712
3517
3627
3755
9894
8059
4273
9966
373
7569
8793
7062
3857
8012
3324
2090
5174
8092
254
2275
5187
3375
2520
9541
8083
5504
8083
285
8825
285
4369
8167
4131
6816
8299
7833
5504
8793
2263
7157
5140
8092
1684
10154
4770
8692
7286
3848
5264
6635
685
2712
9072
3239
942
5203
6930
6207
168
4574
3157
2583
5609
6956
170
6268
7048
871
8094
2097
991
1996
499
7203
4603
7510
8119
2579
7975
8092
5910
7914
7338
4789
2409
6928
3627
4810
9042
4650
695
327
9926
2100
8875
499
8845
695
3249
6463
285
6756
2583
258
4650
8896
9072
7466
9072
176
5504
8114
8721
7953
4700
10145
3089
8429
4287
8659
8175
285
168
3401
1786
5609
7751
5893
8103
4251
10179
1154
3661
5382
8993
8860
8092
93
8448
3785
6707
7151
8399
9231
9477
9118
1697
1473
8096
7953
2874
285
5609
8792
1859
4770
6207
381
7584
9926
8092
6324
7214
5609
735
2304
7751
2888
6454
5647
188
4258
3517
6186
8860
9072
8175
2579
3557
2579
9926
10154
7472
7048
499
4574
372
268
2409
431
9739
2581
5481
710
8646
474
2263
5518
6816
4959
1590
5194
8379
7519
8096
8750
3381
254
3028
5904
935
1268
2076
5608
4594
3112
5187
5644
2918
9245
952
2361
5141
9509
6104
4881
2663
9739
4344
863
4999
776
4319
2703
7048
5504
5382
9272
3557
1808
8833
4789
3512
1304
9689
2572
8094
3135
2524
4319
2409
2924
4440
6286
624
2064
5688
1664
1714
2409
4947
2991
5341
9403
4770
675
7960
10021
2409
9926
285
7189
3975
285
93
10082
8793
2924
5300
8930
3497
2579
4459
1368
4440
7151
10221
4789
8160
6635
285
1257
9966
4881
8896
4321
4353
2579
4321
285
9760
560
8142
494
199
1590
381
1949
7196
710
9723
5644
5233
4771
2986
337
8094
4870
6324
8273
1460
8713
1786
5025
9180
3428
7047
161
6104
9830
2867
8384
2947
2579
9926
2196
4694
7129
7873
3694
380
8268
5657
9217
8302
6980
3004
3407
295
2802
5504
285
7048
4140
4770
7873
5031
3497
4319
2090
297
2579
8646
307
5263
4884
7309
2572
2203
8160
639
2945
8096
8096
3908
1294
7102
9878
4947
4273
819
499
6023
285
8092
4412
9509
4294
3767
2361
7878
7012
152
4789
4796
1734
741
4603
2241
5916
2196
5504
1409
4852
4019
1435
4251
2579
198
1854
842
9290
5589
9718
2437
10192
7048
10040
474
4321
3728
6877
8092
371
760
6078
7519
6207
1611
3848
307
8871
5179
4251
7701
2440
4603
1180
8793
7585
7286
199
7544
1137
4251
9219
3876
10008
4086
4157
8895
3004
3157
2977
9966
2076
2804
168
2263
5699
2409
7897
3785
8521
2867
3157
170
8185
4721
6980
4024
4006
6746
6651
4650
9625
57
3135
2650
2263
474
1739
735
9231
2751
7878
285
10023
285
3497
418
5504
605
6211
8793
8299
6286
3512
5504
1664
9327
2361
1314
4567
9132
4329
1882
6645
10006
8096
152
7519
107
4019
4789
9217
3063
3381
7975
244
9926
605
2991
5264
1882
842
4789
9255
2592
9940
8576
3407
1473
1387
7624
6042
2409
5263
170
10118
603
7283
3844
4383
4251
7614
735
4475
8841
2496
8092
2583
8793
3323
7374
7827
2409
1460
285
6877
4721
6948
928
161
9234
6182
285
3735
9802
285
285
3557
6286
4251
4251
4251
3848
9245
9180
2583
5604
6211
469
8721
532
4934
6078
8806
6078
6580
1882
2977
8429
285
7607
268
8448
1854
4084
7519
6378
381
6421
10198
9353
3205
7519
4650
2583
9926
3407
9159
4251
8059
2804
6945
4391
9139
8092
3600
4353
5876
8092
10192
6956
1711
7189
8092
9846
197
9190
7975
1471
4574
5025
3833
6104
1938
4412
605
5741
3324
8871
3688
2865
6078
1949
2275
1739
710
3915
7048
5029
380
8096
8280
3876
2100
4321
7519
8964
7972
735
8772
4161
1661
1435
9926
1066
4789
2074
9159
4254
6155
10214
9118
7945
6580
403
198
8094
7953
9926
6035
285
1882
7525
935
8096
4460
7821
2409
7920
8160
8375
5179
9284
4297
8280
710
285
9350
1714
8095
199
8316
4544
5221
5604
10008
1859
7128
5929
8094
8092
9352
5910
1314
710
9878
8259
7283
254
198
4650
1739
285
1471
5187
842
3661
8097
8160
1664
8094
7751
6508
7457
8683
4475
8059
5456
8436
4282
7048
188
6951
7833
10032
6835
4251
8302
3157
8175
1613
6511
5459
386
4633
1694
5812
4770
9219
9259
9586
7048
3135
9005
285
9663
5677
8094
8651
9779
7519
9509
6463
6146
1388
6104
1616
5229
1249
1854
7833
2076
431
7525
8280
4084
8896
7342
8429
8384
4753
8167
1159
3908
8413
1846
5063
5063
710
6525
1365
636
4212
5382
6276
2579
7948
5910
4321
285
2262
8508
3692
9723
9990
8964
1697
2409
8316
560
7767
9966
9004
10182
9308
2725
5448
5263
588
4251
2263
8895
20
3512
5339
10061
6679
4917
2804
1995
381
4014
5461
710
7189
5440
2579
4489
9132
9802
2262
1729
9625
6635
1268
7140
7048
7975
4014
2275
2579
6104
6207
285
3249
285
8160
9132
8092
4917
4591
3584
8683
5479
560
4789
1473
6116
6877
8787
8012
8375
9596
4251
778
3882
4650
5688
3848
8475
535
2686
10021
7648
5916
7614
4009
1294
9132
9487
4947
9290
5194
7975
8031
4789
9625
3833
9926
928
9896
5741
6078
7098
7151
2520
9919
8009
8413
4265
8016
380
4771
2262
5718
710
3999
2802
4391
1882
1106
9265
8475
8016
8092
7762
1387
9767
952
9190
5504
962
2991
3419
8175
1697
5263
5229
3908
7457
4287
5605
7584
5504
6421
7779
8114
1463
7525
3844
710
9477
7048
9966
285
1209
8871
5604
7342
3745
8092
8092
673
6223
561
6033
3063
6388
7102
2565
4009
3972
9399
6506
545
8793
4789
7151
695
246
3728
9926
3028
8881
6421
8114
7873
6207
9004
285
10187
8909
9353
1611
6207
5187
9760
7286
3581
7151
4220
4131
9926
2263
6143
4440
7196
1882
8448
7189
9966
8750
8293
4215
4815
4321
7048
3407
5477
7048
2579
3908
7569
285
7727
1387
4870
7286
5363
8119
8521
10103
8964
3850
5929
1154
1609
8097
3632
6651
9245
3767
1908
2263
3157
6383
1697
3323
1294
9004
2867
2840
4224
4789
4251
991
372
4220
4009
9717
8475
1744
6211
6905
8179
4799
2263
7048
6211
9926
9219
1882
3401
9950
9848
9265
7727
2230
6525
2610
170
7569
560
1388
6794
8896
9132
5217
560
6286
7286
285
650
10224
6951
403
3731
6463
6634
8092
4694
6511
2413
6916
4131
4084
1739
1314
2413
5820
285
6017
4460
418
7003
8692
4369
8448
7226
5910
2630
4681
8092
4251
8092
8092
4770
3635
6186
710
8860
285
7313
198
6525
671
2255
8012
9802
935
5341
10040
198
4362
2090
4718
285
8092
1154
9259
8683
1711
8375
8475
3752
9926
4796
3785
10214
9878
7569
8881
5247
4084
8092
2007
776
7008
7062
3356
9663
9213
3728
2991
7288
1104
7525
10040
3372
3557
8142
4344
7614
7256
1590
7189
3908
6430
8092
4140
6579
1664
8683
1859
6585
3635
8092
5180
9403
6978
9365
4325
862
7395
7584
4789
3205
3112
3390
8083
6651
57
9754
3497
4934
8475
8092
694
1268
169
871
4567
671
4805
8114
268
4489
10182
603
7313
5194
7048
712
285
9042
5179
161
22
6651
8429
5203
3785
9265
5012
2712
5187
8850
7680
2579
3635
671
8092
6579
4714
2361
5174
4906
624
93
9132
2471
4084
8096
4251
6207
7241
10224
1071
1938
431
6078
2992
8375
5339
9290
7062
7878
5341
9926
8793
1882
8909
1387
6877
8092
6097
10192
6223
2080
9353
3498
418
12
2145
7299
8092
931
5504
5339
3745
9180
5906
4852
7132
6911
3239
285
5605
4810
6969
5718
3205
1294
1007
5263
2583
285
8429
198
5363
169
9255
3908
8189
8793
6430
9739
6645
7048
9269
4721
7569
8092
4650
1704
8092
957
545
7525
9663
673
2524
9190
5187
10040
5481
3236
2263
7121
4460
4770
7873
3193
4799
8683
6549
9926
8881
2196
8850
63
1203
4815
10040
7048
2991
2945
3094
3757
7508
386
8875
928
4958
1882
4770
12
1615
6969
9894
4251
3752
285
6173
8738
6624
1729
8860
1611
6579
5929
1154
8092
2663
10154
8299
7203
4799
8009
6207
8124
1435
5577
819
6131
9872
10032
254
1538
6078
3653
5594
4391
7189
8684
4251
7102
8094
9487
7975
4718
3004
619
4934
2524
5699
4565
4870
7751
2579
2203
8896
8956
7624
5179
7972
569
7510
2751
9308
8475
8012
7061
8657
5989
7676
4364
197
8103
7960
6973
9290
4254
4333
4521
5025
2945
5577
4369
3635
9919
8092
9723
8895
285
8320
4870
5595
5194
2317
6948
636
6104
7048
6421
2888
862
4253
1071
2583
7196
9245
285
9926
2471
285
10221
268
4273
3908
6648
7569
7753
482
5518
8268
4344
734
7061
4258
8092
4565
588
3205
3635
8011
8429
4344
2572
7102
1938
199
6635
337
6525
9231
1304
952
2579
3908
4251
9213
8521
7898
2592
7288
5906
360
6207
4650
9180
7614
4633
8646
8793
2263
8031
3471
8097
1645
285
5076
6207
381
3497
6916
685
695
5263
258
7196
8092
4019
2414
6268
4810
8092
3050
7953
2583
9926
285
9082
8092
4663
1009
1074
2413
499
4850
1137
1926
8683
7128
6085
6968
804
9284
2583
8864
3192
337
5264
7897
285
4694
6078
6916
285
4678
675
10008
7299
3676
2263
8964
9139
7779
2347
9760
5339
2361
15
4014
199
7048
8092
5742
2361
7833
2361
7395
1697
4770
8837
2777
285
2297
285
6097
1684
8871
9228
2606
1908
1118
3306
10086
3964
4253
819
2592
152
8475
4369
494
5575
198
4365
2348
4212
2630
451
7212
4653
8113
9005
1616
2100
9487
1697
2361
372
1467
8850
10165
1785
6286
285
9663
7878
2579
4459
7607
5382
1711
161
9926
3567
5504
6169
9063
710
6945
1615
9477
244
1257
4881
8990
3635
7614
5341
4024
7430
2888
381
6104
168
5082
7975
6116
8092
6143
9403
4789
6023
3998
6143
5893
7878
6804
6585
4440
2196
3745
198
4465
4799
2986
7048
3381
7607
360
6033
9190
1009
7953
5595
3584
1611
8113
4251
8661
7048
10222
7751
6585
1422
7624
9926
10032
4254
6746
1443
4603
403
7048
6131
8083
535
6948
3728
297
4606
776
1241
7624
4770
8484
4475
3581
7132
7151
1066
5688
5699
7048
7447
8012
3908
3188
4770
5063
8772
3584
9663
2263
199
8894
6835
2090
6421
4789
2840
2047
5004
1882
4014
4770
2409
7048
7607
3960
7680
4353
8161
8787
8436
9596
8096
7406
10023
5300
8793
5362
5718
1435
6794
8160
4789
285
3581
4870
7226
285
3497
991
4678
6590
2471
4770
285
9596
4947
6951
1398
10120
2238
7286
2633
9940
199
5904
1336
6324
8721
8092
2275
4459
7569
1881
1503
2579
1388
7767
3517
2804
710
5264
161
1538
6143
4
8092
4947
9966
6378
7008
1882
6286
1664
3915
7048
7012
3428
2918
7286
2262
9926
8429
161
2579
7625
680
9259
9926
7121
2945
2977
3497
5893
2583
1697
710
3375
6645
9448
2589
6207
4603
8833
649
2918
4770
4544
710
5916
6186
3
8475
285
8092
1711
7286
2589
6585
9190
7447
2520
8124
971
7578
5383
4353
3869
8896
9159
7342
1495
8092
2407
7151
2263
4157
9005
7525
4694
7914
285
2409
7960
7189
8657
8092
9586
3785
8092
8793
2073
4430
5481
285
3653
3249
8167
2275
1786
8583
4253
5082
8657
6223
9072
8004
8990
4224
9926
3581
6509
1268
244
868
198
4006
9465
5677
285
285
4694
8448
1926
9448
1443
3692
2145
4024
7873
4694
4521
1471
3390
3557
8448
7953
4157
1808
1074
4513
1209
285
1137
5334
8845
5504
451
6190
4344
5504
327
4294
5812
9803
8375
5368
7062
285
6131
5221
778
198
1938
2263
4282
10032
5179
2348
3645
6651
4789
8083
8810
5339
451
6651
3975
2262
285
4459
4321
4678
10032
3876
2854
9886
6580
5448
3567
589
7457
6968
8728
198
8825
2579
7975
1422
7945
8016
9063
7048
7048
6547
10023
8092
6905
199
7048
4850
9846
1609
1957
1957
4753
5904
6877
8810
7953
6794
952
8092
6207
1365
10082
9966
8009
9586
8092
8113
3112
7048
9403
285
10032
8083
10040
380
5233
7753
2929
4934
4906
4086
1203
258
6951
8092
8692
5910
6590
3642
1368
3763
1957
295
1697
7624
1611
664
6511
2440
2579
3735
5104
8025
6707
4870
8646
2361
285
8092
5595
710
8379
9308
3850
5187
8103
4258
3763
6378
4603
2929
4753
9926
7288
3763
9308
7578
6634
7048
6648
9213
6104
7102
2238
4870
7048
107
3135
3581
5174
695
199
9308
1234
5504
942
4620
8583
6116
6951
6207
931
6816
589
6945
9245
7975
2275
7048
7948
6155
4325
671
8092
8316
285
9353
8295
776
8931
9956
4881
1609
4258
1739
4297
4603
3239
1859
2945
7048
935
474
2361
8012
4870
4789
3089
4321
9663
10186
9625
7048
1234
8651
7401
2347
7519
6794
1859
415
10021
3419
3050
9259
9082
203
2471
337
8990
7624
8728
1764
8167
199
8293
9860
7102
7430
381
5575
1882
285
2414
1234
1268
710
2703
176
7829
3050
6186
7196
1336
6966
9760
3498
1473
9353
6579
2583
8871
560
4521
4325
5575
6951
2606
5456
5263
7972
9956
10008
5140
7624
5906
4430
10082
3571
9926
7878
4251
4694
7102
3497
7447
5440
7189
535
4157
7617
560
7098
285
8280
4251
2703
2992
337
7048
10040
4019
1704
6268
819
285
3960
6286
4287
3731
3728
3135
10032
6707
7510
2347
2583
2263
9926
7447
4738
2361
3785
285
7048
5076
4603
243
381
4237
4024
1106
7048
285
9926
3676
1249
3239
2348
2703
1739
7401
2583
5004
8092
1460
6679
3975
9190
20
9760
2262
5929
4718
9663
5063
5481
3571
4852
4815
9132
6078
7727
4079
8894
6743
6286
8484
6430
9878
2814
285
10165
7256
8092
7410
8429
4789
6286
1908
149
4799
9219
804
8094
5229
2161
4499
10182
9894
337
1294
4934
6794
2583
4815
2592
7286
2712
9028
1461
4738
8092
2579
2275
1609
5644
1963
6648
6585
4086
1882
4796
6804
1694
2867
3581
5341
8092
6968
9541
8475
3806
285
6286
4681
695
6131
5141
8793
8023
5263
4947
3738
7727
760
8895
9352
4253
2606
2743
7510
4670
4499
9228
3260
619
199
6877
7375
241
2579
1882
862
2409
7525
7338
8930
4251
8092
1882
7189
6624
7196
1729
9760
9353
671
7569
1473
7048
2919
5174
1095
285
9754
4798
4650
9190
337
7048
1074
7048
9802
1365
8124
7975
8805
5082
4251
1764
285
3324
4799
1729
685
9353
431
4157
10032
7727
8429
760
6645
4796
3249
2579
285
1388
380
7430
4917
8956
7578
4620
1304
9477
9255
199
8179
6383
7584
1611
9509
5382
3324
5644
9054
8094
605
3908
4770
3094
5229
4620
7767
9063
10032
10182
285
3112
6951
9327
7519
584
3844
4789
1104
5141
285
694
4591
7624
7132
8092
7342
9399
2225
5187
6378
8793
1684
3635
2703
6097
5504
3785
2768
4391
4499
1104
2854
8766
5644
8320
2361
7827
9190
3497
499
7048
5929
1882
2581
4251
8881
5589
285
4681
6651
7676
295
3512
6078
8683
7975
372
4489
650
285
2007
9903
7098
4870
10040
2751
1443
6648
5339
3848
7286
5063
7157
4694
5179
710
8871
4870
3635
5742
3157
285
4805
7048
3356
6033
6078
4164
2579
4251
8161
3236
1365
4565
285
6705
3763
8881
2804
9541
5589
9210
4006
4495
7048
4959
6207
8805
10032
6651
6601
2583
9760
8160
1734
710
2361
285
9966
9926
1882
7189
8429
1344
5187
1463
7630
6707
7953
5504
8114
9231
10198
6104
1336
6182
7401
7212
8475
5609
5910
4770
3908
4454
3498
7525
2583
1495
285
5180
535
7727
4603
4700
8475
9190
4544
1704
4157
3157
7972
9860
1882
5504
4681
5910
7569
4369
285
3635
5504
285
3497
3676
198
5609
7873
3908
991
3876
4567
2275
3908
246
5595
9926
9255
4917
2522
671
747
710
3192
7151
2650
871
3844
3692
8806
9210
8683
7401
176
5688
9966
7751
8092
5477
747
944
710
4513
3964
2348
3999
9213
6804
1106
1065
307
1854
2263
6097
8175
6585
9004
9926
5929
8683
7873
3381
5440
285
15
605
9926
2583
5609
6155
1882
4251
7048
8684
8273
7226
4147
5179
170
4251
7048
7288
6969
4224
5985
4650
6911
9919
6078
1137
7048
10040
776
2145
7680
9138
6182
5371
5383
650
7762
5477
1443
8083
3336
6421
8793
9054
4
7827
675
928
8375
6146
10086
8793
3557
1882
8031
6651
1463
7569
6635
2583
372
532
372
57
3324
3324
5339
3635
285
5595
8268
8016
4789
4789
962
9012
381
7831
8384
4251
7630
7212
3336
2440
8896
6421
6956
6579
10182
7048
1336
285
9139
8160
7367
4753
7972
5929
297
3908
9919
3517
285
639
9259
2520
3635
9926
8766
10021
3135
9290
4325
5812
712
1882
9754
254
4023
285
1694
6454
3848
3375
6207
198
6916
3324
8092
7727
7873
7920
3401
1739
3798
197
5300
285
10120
285
4738
710
2409
1882
1664
7751
4251
1697
6580
8448
1938
1881
619
4369
10006
1700
4157
4465
4131
8895
7800
4147
8092
6634
8384
2565
588
4333
6182
7048
2361
9042
4917
6122
683
10008
6454
4653
8842
8842
6421
1106
957
2262
5362
9308
4544
4934
2409
2064
9926
285
7960
6383
2865
1348
8475
3390
5140
2241
7624
2992
8092
8806
4650
1257
4450
8185
3375
9926
6886
197
6511
6580
9760
3645
4319
494
7203
2592
3848
2263
7375
1463
4460
3291
7286
8475
7630
7800
10214
198
10120
4603
8683
7313
636
8167
1538
9448
8728
2296
451
4013
7410
5263
8864
285
203
7140
10198
327
4694
4721
9269
1074
2583
1613
7286
2918
9487
2583
4251
6645
285
3336
8293
6854
6023
3089
9541
9985
8293
8160
1365
2703
2583
1664
4603
9190
4789
8092
8429
6580
285
2263
285
8661
3571
7132
3050
7624
7975
2238
9586
2743
3731
1249
7189
199
8059
8873
2080
5742
9005
6877
3249
3584
285
5174
198
842
561
6278
1443
1387
4344
10032
9760
6645
4325
3471
9596
4770
7048
10116
5300
9072
2583
9966
285
8484
1066
4251
685
7048
4362
107
4450
1348
8156
1882
8185
2262
1435
381
8845
8875
9269
57
2437
7401
372
1850
8280
4681
9956
4321
4798
1365
9966
2804
7048
169
8448
5477
1422
4006
10187
5844
819
3600
8881
10221
10221
4321
6980
7299
6078
1249
9509
6628
8175
7102
8092
5459
4318
8738
12
9132
7912
4131
3998
8833
8508
8990
9465
7547
4703
1249
1007
1
8677
4215
2361
8895
5910
7203
8189
161
7430
1611
6634
9272
9903
589
199
4251
8185
2414
2407
285
7960
4694
6601
373
6033
149
664
6430
8652
1268
7873
4369
7047
57
3600
624
4009
4251
7189
6635
9231
9042
1
7048
9926
9894
9903
7012
3498
664
9139
8142
589
6951
7406
3407
8273
1304
8384
8871
6525
2804
710
7286
330
2683
1882
695
8618
2606
1460
3428
3584
10008
6585
10040
5334
5368
8092
8583
8728
4678
1697
1882
6951
9132
1471
3324
9132
4810
1538
3738
6035
7975
4131
3356
9926
1850
5479
6816
2522
7214
8092
2524
10224
330
4870
5004
372
6651
4369
2992
380
7048
8683
5604
4653
1785
1422
5339
1365
285
8930
8092
9760
8302
1235
3964
6948
6968
4251
5916
7338
8576
1947
8092
619
2991
10118
9365
7062
2073
2297
7189
6383
4694
6169
6705
8475
6383
285
8113
5174
8508
7173
1882
6756
1882
415
6104
9926
4391
1365
1234
8092
8316
4009
8113
2263
735
58
1704
8216
9234
5233
1947
7241
2579
3289
7727
2632
1664
3728
3095
5082
4019
10182
2361
2238
6207
1249
6651
569
3249
8103
4947
3688
9760
8092
254
8728
4753
4620
1065
8683
6207
8533
244
1209
7048
8646
8092
8605
2703
6143
5481
3908
4450
1611
6980
7829
3324
2497
5264
6794
6648
7173
415
2579
6008
2929
9190
7972
285
6207
8016
6078
93
649
5179
2583
8837
4161
3419
5006
8092
9159
1785
8661
9139
8875
7286
2437
8864
1697
8956
337
9528
4251
7226
10198
7897
2497
5203
6746
8375
1947
2028
8618
285
285
4738
1365
4958
1854
573
4251
7062
6286
7751
7829
254
6078
5609
1203
3752
375
254
3419
285
5504
4789
1463
4454
7048
1850
3291
9308
7648
6651
120
3850
4603
4369
952
4565
10103
7226
8119
3785
1463
5609
2414
2606
5203
8789
2090
1850
7151
3960
5341
9723
5174
285
3661
6580
2703
685
8189
4251
5263
285
760
3908
4369
6421
9232
4459
7821
1348
6975
4319
2409
7624
5609
4319
2703
961
2888
6549
2583
5595
5688
9872
1538
6421
971
9931
5718
710
2263
2840
8683
561
1435
7727
3324
5657
2919
297
1664
2929
8448
4653
710
4513
2703
7578
2275
6211
2867
8793
8860
6506
2047
5613
6008
3735
7800
6968
2579
5440
9308
4928
4964
3205
710
8668
7975
7313
3135
4131
6651
584
1154
3497
3850
4319
710
1365
834
1106
7829
285
7151
8119
7975
6886
1249
3498
710
1071
3157
3135
8657
4251
285
8793
991
8375
6042
3915
10182
10032
8728
4850
7525
8097
7680
2589
5644
2097
7129
6114
675
6980
6549
1613
2361
9596
8295
9403
5339
7975
1664
2275
4489
8083
710
675
5609
7189
7395
8216
4789
4565
8175
3306
1734
4450
1882
3765
5263
8094
7048
776
7827
6632
7960
9760
5481
7226
2804
7048
2630
2263
10040
7048
3249
962
7008
1613
9966
8016
4489
169
10008
5025
6651
9625
1365
7625
588
4459
962
4329
285
3975
5382
4663
588
4251
1949
4251
5029
3642
3876
7972
198
8837
3999
198
1503
5339
7151
7676
8805
2606
6679
4369
7212
3745
9505
7614
6707
3635
6948
1388
9926
5203
2777
1785
5741
5229
664
1785
5141
4663
4650
6973
1697
8772
683
7048
4606
5174
8645
8083
327
6928
2683
2802
9072
499
6746
6506
4789
8092
3517
1336
295
6951
9265
5504
695
7410
3336
605
4850
1859
6585
2606
3908
2918
7975
4789
6186
4369
10103
9259
7762
3497
710
4574
2854
8684
4318
2361
2348
5341
1882
2610
7525
9213
928
5368
5741
7829
4147
9290
5203
8025
7291
8508
8092
9966
2991
9403
3205
1908
7447
8661
7727
7466
8375
747
2225
7048
2929
7189
7510
2520
2610
2263
2624
4810
1181
2630
4321
8189
8805
957
1463
4810
6634
10118
1249
747
6207
935
4565
7676
1882
9284
1503
7975
203
6114
6705
5263
8659
1066
268
4603
1714
8302
4380
6951
8004
1503
3236
8429
285
7614
2225
8475
10040
1471
3915
5609
935
3419
254
4521
1106
285
561
4024
8860
8097
2583
5577
8092
4157
9219
9802
4251
7375
5609
4147
6268
57
4999
7291
3193
1615
1697
776
1611
6421
9760
535
2161
8583
6268
5844
337
3512
371
418
9779
8167
285
7945
7102
8156
710
4333
1882
4006
8543
3471
198
2409
5063
7960
10040
9269
1461
4799
7048
2663
7727
1882
4603
3063
7478
4212
1746
8670
7401
8113
9132
2579
198
5893
3407
621
1697
9290
7102
7975
254
4079
6651
991
8713
9886
8092
9926
5339
7203
2409
4157
4353
6739
2579
3157
561
8092
1808
7299
3291
9509
2465
8094
7299
8375
8787
8299
776
285
5339
1739
9860
1435
5368
3324
4157
7614
8092
6207
3324
3728
7189
7003
1551
6951
9180
57
8683
7727
8092
8092
5929
5657
4220
9072
4799
3876
6190
58
8728
9265
4753
4321
1422
7286
9760
5985
685
7140
6905
8160
2579
3497
8896
199
3785
4251
5031
7975
4789
3324
2225
6804
285
1066
8713
4789
1467
285
4799
5504
7975
1664
8871
7833
2255
1066
1854
120
1467
8956
5264
6182
5179
8825
6651
962
3567
2929
2802
8384
7680
1995
7624
5247
5263
285
7878
7430
9501
6978
10040
7048
3653
9259
2924
7878
285
1551
386
1007
4251
8302
7430
7547
1348
9190
5006
1744
5264
6756
4753
4161
8096
8375
3497
6186
1947
8448
7878
9138
7727
2804
285
5657
4947
4653
1734
337
1882
5263
4521
2263
3635
9012
1808
4700
9138
4650
8871
1938
3336
1938
4917
4964
1833
9926
1344
8881
5179
1
4565
944
7283
1467
6122
7827
2579
4603
3249
9290
6443
285
1365
7975
6211
330
8646
935
3497
7472
9265
5052
2263
10008
4603
2437
4294
2583
8964
3767
203
9760
8864
5383
2929
2579
9721
7953
2579
1881
169
3239
6549
10145
15
8031
3833
2263
10032
1882
188
1785
4147
10103
685
573
5504
5263
5504
8683
6601
4369
7303
4789
8103
10040
8860
2929
8375
2579
7338
8092
6969
3833
9132
6182
3869
935
2768
7544
7519
2262
6116
8268
3157
8160
2579
6146
3497
5025
5052
5448
10040
710
2712
5082
1066
4565
5742
6421
7827
7727
685
5677
6114
3857
4694
3498
1700
2097
7831
9926
712
6509
1926
285
9210
7547
3112
8894
1065
4591
2663
8833
380
1540
4958
380
3372
3419
8092
9760
4251
4220
695
1786
8092
6276
6146
285
285
2777
3688
2579
7833
5263
4369
9894
6579
1615
2768
4917
6169
710
9718
2409
10145
2437
1443
2583
93
9848
2947
6078
710
9290
9872
6804
561
7098
7129
7878
6651
2275
5383
330
2230
8651
2196
9732
7375
7048
372
3642
9878
1615
12
7048
8651
4884
372
4164
675
494
9894
9272
3239
2230
1764
10182
5141
6033
1697
3848
710
2579
6211
9290
5644
9663
22
3497
198
7121
9760
9926
4454
6980
1882
7286
6314
8413
4521
5263
4999
3324
8448
198
373
1387
3135
6008
6078
7048
7098
6585
268
2802
7288
2606
307
4251
4789
7614
9353
9465
4333
5339
9718
8683
2007
2589
9028
9760
8031
1268
5174
2992
1882
650
9290
8092
8160
9353
6207
8738
2409
8787
1882
6211
8833
710
2361
9284
58
3497
4212
7779
4369
4714
2090
1684
4325
1996
5029
3497
1714
2263
241
6911
6042
2947
1336
5504
6651
5456
8850
2407
7375
4934
6980
8684
285
2263
285
9501
4796
268
285
5203
1473
285
6628
10182
8789
1949
330
4344
10221
7102
4789
7975
6268
10154
4321
3336
9272
6707
5604
10182
8113
57
7975
4694
58
1739
8179
9284
8651
5906
3697
734
8873
7727
9926
6131
337
1460
1422
4014
7920
7048
1365
4815
3752
285
57
7342
8683
3998
4753
2409
4369
8092
1118
2348
57
9926
7800
285
6454
8793
8825
6968
4131
7048
7286
5657
9139
4603
9232
10032
9290
9118
2579
3497
285
10032
2348
8875
6743
8375
6945
1882
5844
2073
6634
8651
4574
7048
9265
710
664
8895
6635
8683
2263
10198
6580
7189
285
9308
8871
1714
4603
6978
9228
671
7048
6286
2090
2275
2465
4251
5844
3915
2465
9903
4798
1387
8016
285
1503
7878
3876
6580
4258
8533
3757
7212
9012
8092
3999
650
469
3806
5608
619
9501
9290
2633
1009
7003
6463
7525
1616
8375
2297
6286
8810
6951
170
4364
5742
7189
57
8092
1882
2977
944
2238
3882
9760
268
7048
1854
9886
7102
9217
1882
6314
7048
8302
1388
2639
199
9353
710
7914
4365
9926
675
6349
5916
5203
7410
285
1435
5104
5229
710
7975
10198
9926
3600
285
7897
5063
4489
7048
1957
285
5140
6645
3497
4770
63
9767
4770
6430
2347
8864
3157
3908
7975
2992
9926
694
4024
7878
8448
8092
2572
1963
10198
1268
7102
4344
5203
3390
1241
1664
5063
3915
2100
6525
6651
4663
1908
9284
2347
5082
4934
4237
5916
1095
6182
2579
5718
5611
10082
7821
4224
5844
7003
8692
6042
285
8728
1882
8295
7048
9477
3131
2579
6207
5742
1398
8475
8475
4947
8871
2409
5305
9950
4574
337
9036
5247
4603
268
3112
10198
4870
4251
8009
1294
961
2583
2275
5929
4947
9803
952
1697
10008
7048
8661
9802
760
1304
8160
7614
1739
2929
6182
1949
1495
4870
3915
1697
1443
8646
3236
8475
6794
9894
8375
1645
5929
8092
2712
1684
7447
2361
9139
2497
3908
7375
9012
285
8259
5363
9940
8114
8004
8793
6104
2579
7048
7617
8092
7189
673
7975
2565
4663
2440
7873
6207
7779
199
285
3428
7283
9403
1443
8097
4215
7975
372
241
3571
2630
8092
5104
285
7975
2361
8299
1303
4251
7157
6597
7519
9054
7447
4565
4489
7048
58
1435
9219
5504
254
5989
6211
198
8012
7203
6190
8543
1714
2837
1664
199
2663
9926
7098
5605
1007
7410
2230
1700
1473
4805
8083
258
8618
6207
9290
1348
1460
6648
6579
6097
7430
6211
5264
285
6978
7614
9663
5174
1104
9732
4460
6975
2471
7975
10032
1104
9926
6707
6968
7062
9966
8161
2263
3635
3249
1739
7410
8825
285
6648
5104
7129
8185
1882
7727
4321
8016
3497
5300
9931
7048
285
1159
2583
1882
4591
1963
8375
380
9353
7189
1336
7607
8092
6211
5339
4454
4789
6624
337
6746
7569
6286
8436
6042
7286
1711
8295
3498
5247
244
3567
6835
8964
7048
6978
6430
285
10182
6580
8895
3135
5440
6951
9232
8793
5448
5699
285
2437
4565
8475
9190
8092
8083
5609
7975
2361
1495
5382
8750
4521
4391
1697
1540
2606
1538
7960
2579
1963
4333
8475
6582
8189
6877
9723
285
176
9966
8096
2606
285
7196
685
9830
8160
4870
7151
7648
4850
3289
8533
981
8793
2992
1846
8429
2275
5504
1209
7829
3806
8023
4789
10032
285
1882
512
588
7617
5504
5382
5063
5985
10136
5910
4430
4789
9940
778
7048
386
5504
4681
9139
198
8375
6645
3908
7701
7189
4964
6268
3497
8185
3765
7960
6969
285
2090
8025
1268
3694
2777
7342
7048
6173
4789
3289
8092
8864
8092
8990
10032
7048
2572
381
161
2632
9620
4251
8661
5179
2409
380
4412
6211
3915
4131
10040
9926
285
6645
3908
7102
285
10222
931
7299
5929
9190
7953
4770
4365
2409
3694
2632
7447
2361
8429
4344
9940
386
2929
8533
747
8845
8793
6794
4325
5004
799
3249
5742
10192
375
5577
3497
8875
6035
8683
22
5229
9132
7975
1154
1209
8124
337
5929
5187
4287
2610
6968
776
9926
285
2986
9625
2263
1700
7525
8113
2986
6743
1137
1435
9232
3964
3095
1198
7897
2725
8766
8096
8096
9231
285
4220
2579
7048
6905
6223
7401
8092
7313
9926
199
285
4024
9487
1882
5383
3323
4147
6033
8096
9308
3375
3192
7401
3157
4321
6078
9308
8096
8583
3497
285
3869
1106
2579
4850
3323
5063
8092
4870
4251
3688
3419
203
7624
7410
10222
2579
4850
8930
1540
2409
3375
8083
3642
4254
7878
7447
170
1257
2262
6651
8475
10006
1473
7508
9265
1503
6645
5368
8845
2929
4789
2751
243
2348
6436
9290
7189
4131
4
9210
8103
1348
9926
9308
6597
2924
4810
5594
3752
9926
2471
8793
2977
7821
5910
2263
4273
6628
6648
3512
4771
4086
4620
8092
5459
2592
2840
1882
8793
7129
2304
1947
4565
7676
4958
3581
1926
1365
4273
7953
2703
7338
5742
4714
9269
3193
4131
254
5677
9926
297
8167
285
6651
7102
2520
4603
3964
7410
9926
4703
9919
7048
776
8793
3765
4157
5203
5263
7098
4251
2076
675
7727
8661
5140
4364
4258
7189
5263
5371
2919
6276
10032
1764
2583
2361
244
9505
3755
10032
4633
3676
2874
1590
5456
942
5187
6421
4565
7447
6207
8094
1336
6945
9190
7299
6017
8096
8031
837
2768
2028
5339
8860
3876
4789
6511
4852
10061
2348
4594
1467
1551
9919
9985
928
70
944
1882
7338
8092
9509
4318
9926
2348
6078
9926
5263
9848
482
9754
3728
685
1833
3192
337
8092
4653
1645
2161
4364
10116
9005
4789
1744
4258
4694
6580
2579
7800
10154
6508
9501
4450
2579
1590
9190
1106
5448
3419
8092
1387
5916
198
4430
3767
3419
8185
8092
3324
7975
9132
4215
2579
3571
4253
3497
4321
2804
4287
4565
3908
3798
2275
3324
6679
268
4789
6324
3063
2297
710
5227
7751
6651
6980
1609
5203
6278
3653
199
3381
8103
4958
431
2465
971
7151
8031
6033
8728
6804
1538
9830
7447
5644
9903
1365
2145
3735
8661
8031
4489
7189
2262
7833
4251
499
8657
3908
2524
2409
1106
8092
4603
8894
6854
9290
1074
4499
2804
4770
1388
7607
4567
6966
1850
9505
7508
9365
9255
285
1882
2524
7614
7727
285
853
8670
4789
285
2592
4694
1938
9290
6421
10224
1473
7291
2262
7061
1645
8668
2579
6597
5052
6114
4633
4344
6624
4870
8793
2080
415
2579
588
2991
8772
8092
7525
3645
7048
6143
10154
4212
3497
7975
285
5174
372
2409
710
2986
197
10008
2524
243
853
8092
671
10182
2703
372
9620
1882
2414
7914
7829
1684
6651
8092
5504
1365
3882
1882
9926
5929
1714
1336
624
9231
6122
5263
7975
492
7630
3249
7048
6635
3635
1
9956
4251
7048
7945
8484
4603
1336
2409
9232
6286
7048
2409
6104
3964
8160
8448
4565
4251
1467
799
710
2837
9487
5594
8728
9966
6835
3908
8399
2929
3908
4653
2663
8092
588
492
5647
1664
3512
8645
4157
6854
3231
5605
4770
1871
4460
285
1235
7525
1
4294
4161
6286
5575
1882
1882
2409
6190
8092
3848
8806
1198
9138
3390
330
7508
372
7831
3135
2579
9940
199
1471
2262
710
9642
6114
9966
2263
8179
7048
7048
7960
2991
9190
9926
3798
494
2802
4565
285
9190
4079
8092
9190
1734
1365
4694
695
8316
2409
5174
4251
7098
560
8645
8175
5456
7751
7048
7212
8475
4369
198
285
1435
4694
285
7173
7831
285
9926
10032
1495
2413
7945
10061
7003
5504
1949
327
2263
9926
4810
3998
8683
9926
372
4329
9767
4958
710
9290
650
624
4789
4344
1242
7960
10182
7196
971
5448
6182
5031
2361
2583
5448
649
7151
8683
4815
4131
474
5180
4084
1365
7048
2725
1882
9802
603
1473
2409
3571
710
675
9509
199
3419
5504
7098
8576
3755
241
4086
619
3857
3428
636
8092
3323
2262
2262
9663
6628
3419
285
2579
7525
4934
3497
9926
7430
776
1237
9846
9353
7291
7189
7975
3632
6651
1882
4958
1808
4009
9767
5595
1996
415
6590
268
2565
4251
2361
4251
2650
199
3375
8280
6430
5194
7048
8092
7173
5004
4884
1957
3697
2840
605
741
330
2413
1947
7395
8103
710
8448
9896
285
6911
2262
168
4703
6508
9596
3557
10040
1613
1744
10008
3581
4318
381
1241
285
2579
5906
9723
1611
8659
8092
1611
4460
9541
7048
7680
6886
6651
8094
8793
9272
5179
6169
5575
4251
6877
8792
4287
4365
9190
9190
10008
6211
2579
4319
799
6905
6648
8375
2777
4934
3688
2814
5504
4770
10032
5604
2579
734
9848
5812
675
8103
4721
285
7617
5264
9063
1460
285
3627
4603
8092
6085
386
4650
1009
8094
285
2854
2579
8114
2263
4084
4369
8652
7062
512
402
4934
285
9190
4318
1409
170
4131
5456
7375
2076
7048
2304
4251
10040
5006
5341
5481
2686
6511
1538
8413
8895
778
8092
6463
7048
9586
6756
6122
1764
4603
9689
3324
9353
1074
2361
7288
8713
9926
5893
8009
3497
2929
1198
4344
4789
285
10032
7455
5910
6005
8092
1882
6651
8320
2579
3324
4870
2867
671
8895
7048
285
3869
695
9403
3848
3471
1538
198
198
8810
3767
7525
8016
6114
3192
3584
7751
8670
1154
3028
9284
4721
3581
6905
2751
372
2581
482
2076
9265
3094
5504
639
4258
4544
8793
5221
199
6886
2361
5605
3848
2100
1538
4251
5609
8690
2802
4789
1336
3645
8793
2589
741
6969
6324
6634
2497
3848
5263
6286
1963
9259
3356
10086
5187
198
7624
1074
8805
337
4574
10040
285
7283
9894
6670
8833
4079
4450
243
710
710
6582
853
9180
7975
4251
9718
4796
9919
2592
2263
5893
1007
9290
1460
4251
5929
386
6207
7617
3497
285
3688
8793
4917
6549
2579
1729
7975
8448
10145
7617
492
3407
1443
2409
1963
254
9940
9760
6017
8772
710
5227
1540
7920
3188
1409
2624
2409
4131
9926
8842
4603
203
3908
7447
1854
197
991
285
4958
6651
2777
1137
5233
6114
4161
10032
7779
9718
6207
9353
8092
10086
9717
1664
4796
7972
8793
4678
710
1700
9232
8160
588
1074
1704
2630
6182
8092
5844
9625
3381
619
8092
4
2348
7975
2867
198
285
285
7098
4251
4650
285
6525
5004
6454
4147
683
2918
8092
9365
7727
9985
3336
8894
4251
2908
2630
4321
9754
710
4633
297
3908
5203
9269
8113
871
4591
285
9190
6854
4928
5589
1387
991
285
8161
4140
3697
6211
169
199
3157
871
10182
6645
6816
285
9217
1503
6421
8508
7578
4796
6951
3748
2606
7525
4251
3094
7102
5383
5141
7048
4265
6835
7975
2725
2583
5440
6580
375
7953
5657
4258
1137
8448
6078
8092
2874
3627
1846
9760
8160
4565
942
7048
588
2361
4239
6756
2275
10040
8096
9601
386
3908
1540
10032
9353
8690
2255
3876
1540
8092
3249
6585
285
1846
9327
2630
1882
9036
3975
8864
3375
8964
3157
7212
8095
1908
3806
3908
7878
2802
8375
8881
8016
4565
8728
7727
710
7129
735
1460
4718
6286
3635
9739
4591
7821
8429
4959
9505
8273
8142
834
3497
8413
3567
6651
9132
5179
2945
3752
8772
7283
1
3157
6651
6211
6651
2073
2583
2579
4771
7048
1473
3050
2592
7048
4079
198
8931
2471
6877
3336
1365
4594
710
63
198
2639
246
2275
9926
710
7510
8875
3324
1009
12
5604
9487
7102
7975
4251
9872
285
7800
10086
6443
2361
3752
4495
8448
381
10182
5699
2262
9926
5608
8375
664
2991
3635
5594
6182
6443
2992
3908
7140
2409
3156
3908
7012
3093
10187
1443
2918
2725
7048
7878
6463
5477
710
1704
4147
5504
3975
8475
8160
2361
2304
474
3419
7975
9625
8092
7447
8894
6877
285
4650
9139
6182
3497
9255
9926
6930
4297
649
4019
8092
1180
8092
285
4789
5929
4251
6078
7189
4265
9926
6190
7727
8896
5518
5063
3627
8160
862
8025
4475
10040
6756
5195
4287
8092
4220
8092
7525
1234
4131
4465
380
8103
258
9896
254
6794
199
4796
4014
5382
381
3192
8092
285
4251
1697
10040
198
285
9217
7525
6182
4694
6182
307
3497
3028
1729
2683
7048
8025
776
10103
1540
1198
7410
2520
2440
6211
7897
5263
474
5929
2924
6739
8384
7338
9139
5644
4789
7048
4958
6190
5481
6508
285
6651
589
1590
5477
285
1365
8842
7283
297
1684
7430
8304
254
3752
6078
203
10082
8766
2606
7455
4265
8860
285
3249
9054
1697
710
535
2583
7048
2804
1209
6928
10086
2262
1365
4620
2304
7878
1368
9894
7157
3752
7447
6651
198
2296
1314
685
3497
8738
3960
10224
1697
3735
4694
7299
7975
8448
7960
5929
4157
1882
8875
285
9028
710
3410
188
5595
8475
8793
9642
1095
4714
7751
4273
285
285
1422
1503
5187
6528
6590
6182
671
2524
4321
5608
1908
5052
2497
3089
3249
9926
2263
2581
1137
4603
2161
5481
4391
8179
8792
8156
8375
2992
199
584
1697
6035
6085
4329
418
10165
2768
2262
9926
3972
952
6146
710
1908
8092
6911
8837
6951
9190
8083
5677
8096
8789
10023
9255
10040
3324
8657
5063
6436
1242
4789
4565
3323
1850
5305
694
337
2583
6670
3635
4251
710
9723
6104
804
9620
2238
7466
6207
8114
8793
4565
7920
6085
7129
2854
3738
4700
1739
5904
1729
6905
9290
4157
8092
4369
4789
8750
3731
9465
285
7519
2583
4440
7873
337
9940
7062
5263
8092
8793
285
1786
1833
6705
2361
8881
619
8956
9926
7447
2712
1882
6525
6597
241
1154
5368
258
6286
5194
5179
9190
7048
2074
6746
7624
1460
9072
9926
6097
5180
8304
9625
381
5300
7375
4815
6104
1473
8375
2361
710
5180
1871
9231
7898
4450
3642
3512
7189
285
7342
7048
285
4603
1471
7753
710
1697
3157
5906
258
6463
3157
6023
9767
6968
7975
10182
9926
1471
4789
5518
243
9926
5363
8302
2583
3728
8793
3205
5339
10032
8092
8657
6454
8113
2100
6276
7342
1181
3471
1908
1137
2630
2465
285
8533
8805
3419
2650
8533
8543
285
1882
1443
2779
2579
6211
8875
4700
4254
1503
7920
9290
4815
5174
285
254
7048
246
7338
6430
1938
3765
4321
7401
8094
9219
5577
8659
285
9219
4796
285
5929
6104
10040
1739
7286
7727
8375
1697
5575
2840
5916
8025
197
6948
2632
197
4131
285
5504
9231
4770
7508
3375
415
5174
4789
6042
3745
2073
3336
4799
10187
3168
7430
1495
4770
3028
8092
2064
9620
5341
1645
10032
307
8605
4565
8475
2263
710
2639
3745
8713
360
8092
4753
268
6131
695
9509
9878
2161
2007
285
710
285
4770
3850
7625
6743
9739
2583
650
7430
1365
7630
3497
8092
58
6182
285
2409
9132
2977
176
4770
1435
295
9802
2802
2413
5263
2361
3785
650
7920
1435
4703
7680
7102
3998
4603
7401
9054
3497
4789
199
2409
2361
9265
8302
3407
1007
9926
8766
1854
834
70
8833
1388
2888
639
561
8805
4251
5479
2196
9803
8651
6966
3661
285
535
254
4870
7508
8931
9269
9926
6324
3410
2865
8103
5263
10192
9477
7767
1729
9723
3908
3471
1609
8670
4703
4258
4753
9403
8657
9802
7173
8004
8429
1882
6383
9350
3497
685
4079
6651
7121
9803
5174
63
8160
4140
10086
3635
3478
4294
5104
1159
8475
7519
4850
6211
7625
10221
7286
8189
9501
7286
10224
6104
935
8096
4958
1106
4251
7525
931
9352
9210
7821
6033
9926
4013
1711
5029
10103
1503
2413
8094
2579
285
8429
4365
2947
4789
6211
776
3407
198
8092
7430
1704
7753
7466
9353
3848
285
1854
8661
7189
8413
9985
6746
4251
8448
5382
710
5382
1463
4513
2238
3239
1590
1443
285
5305
1495
6211
863
3728
188
3112
6131
619
710
1154
10032
1833
9830
3998
5012
431
7648
8475
1734
6651
7676
3557
295
4603
1314
2361
8009
8092
5929
7226
561
2255
6580
1810
1947
9896
285
3908
6525
7898
1616
2317
2991
9477
254
7753
176
9159
5194
6223
9353
5609
6980
4928
372
1
6549
7286
5479
8805
8384
499
7048
4620
9042
8793
3419
7525
6975
9896
6078
7286
776
6190
7132
1461
7614
9190
10186
4024
2986
7975
1996
6956
8375
7102
3975
5613
120
4251
4251
6966
5440
2409
8448
6268
9985
3848
4789
3249
8375
451
3407
8661
2409
2263
7410
2768
6645
5577
7121
7309
710
2768
285
9290
241
8772
1926
386
710
8871
3997
1368
3094
9926
9541
6547
8475
1154
8092
2606
7975
7455
2262
2262
8375
8016
8160
3755
4906
7189
991
10118
2579
4958
2409
3157
8684
3497
4603
4663
4815
8659
1615
7226
2802
7401
6430
4131
1684
3
9926
188
6314
2583
4810
8379
2683
5300
168
4251
9926
7226
360
10179
6146
2579
650
5263
1209
2777
7102
7375
6324
4956
512
4670
7151
7624
1467
7945
7727
285
8025
1664
4465
6579
4251
8302
871
6648
2064
3336
285
6286
8094
4318
8841
63
6078
3661
3156
710
3497
4489
3785
8661
991
5221
285
5504
4906
203
710
8375
760
6980
3785
295
4319
7048
285
4565
4789
4212
5904
7960
3439
3728
4870
981
6114
198
9919
10021
9403
7140
9448
4282
2263
8114
4329
5876
3289
7401
1764
8092
6804
7140
2241
6579
6975
4321
7779
5910
1938
6286
7129
4947
6707
4721
7102
6645
7510
545
9926
3581
7578
4789
4253
4718
5504
2497
5657
1365
7800
7614
8092
10198
3850
254
5004
5362
3407
4294
1700
6454
8475
3908
9894
4251
1729
5362
3254
3998
735
1460
8766
2712
991
2725
6585
8092
5985
7151
3236
6276
8083
561
8167
9779
8304
1664
6969
9894
6951
8280
2080
776
1882
2263
1348
1009
3112
4591
2524
7048
4789
9487
5929
2865
7241
5363
7102
1540
9767
1203
6635
1304
680
7288
2275
6078
9465
8864
7048
431
4789
6794
5187
695
8216
8092
6948
3850
9217
5413
6211
2632
5916
1882
589
1764
7920
8025
8083
3785
9985
7226
2196
2196
7585
1368
9399
4253
1365
6705
9139
1495
285
8092
3908
4789
7286
3390
4265
5263
673
1106
1785
7569
8119
8189
4131
9732
1154
5812
4881
1473
3112
1503
198
3497
747
9760
9138
6207
7008
3876
9926
9926
8096
2361
8375
5339
285
5217
9903
1365
2633
4251
1704
4019
7375
8993
244
451
4251
2579
4319
285
1739
3
6211
8094
285
8179
7472
1697
431
2712
7624
3999
710
9231
5339
3785
2804
4131
7617
6005
2583
7048
7821
9586
7375
4465
4353
6739
6182
9767
799
6207
3
1645
4718
6877
8850
10224
7914
3324
7584
4329
9012
10182
535
3497
8185
5479
1137
2579
3323
799
5609
243
2409
2583
3999
6547
9403
8850
6005
2409
2945
6286
5300
5644
7800
9448
2725
7214
381
10086
3848
3390
3763
3004
9290
3882
10187
5657
2262
863
8833
4513
373
254
431
5929
7831
285
3745
683
8793
285
1551
3324
5263
7508
5195
2583
7048
8113
57
1615
2028
9985
4220
3497
5194
7972
203
9625
8302
285
8092
3089
4753
9290
2743
1764
7547
6582
1957
6286
7098
3999
7401
375
5481
1963
372
7878
4653
7048
4014
10032
4369
6207
4258
2992
7189
4440
8793
7953
5741
4391
199
3584
198
5141
7975
6948
6624
1495
1237
5504
8713
4574
6580
4789
4603
10021
7189
10224
6707
3745
4131
469
57
9754
1996
7048
5844
3908
3600
7953
2304
1764
4770
2361
1711
636
4412
7286
2409
1435
1661
4391
8092
8728
9919
7047
4789
7048
4653
9926
1734
8772
3497
4489
9990
285
3972
1957
5812
4412
285
2779
57
6463
868
7827
381
2238
695
8533
5605
268
9465
371
2074
4718
9596
5082
3410
2592
9990
285
3356
4475
5985
6968
7048
2413
9601
8316
6223
9926
3205
819
8964
1154
9596
9919
3735
2768
1616
2007
2413
5504
5004
10032
7157
8793
6705
4224
307
6930
5910
8384
8095
2437
3192
1882
6648
6645
7920
5741
402
3050
4086
7062
935
6945
7648
3323
1443
10192
6207
650
372
8031
7898
1460
10032
6122
7584
3785
8871
4603
4565
1882
7525
8413
7975
7975
2592
5141
1268
4391
4799
6042
4770
5233
2606
8860
1066
4251
6436
2802
3908
5609
1908
2007
4131
9926
639
4454
199
285
3093
5657
4147
3249
6211
9926
7680
8810
5609
7972
6804
5337
6948
2263
7727
636
4700
4253
1473
9767
4391
7920
8092
7945
6579
8864
285
415
380
4273
9985
8792
3497
4574
3419
7288
2703
9028
6286
7286
10032
6008
6969
3239
7048
5264
1503
1611
7975
2712
198
2712
6794
4147
9028
2361
199
295
7151
9926
8993
3028
198
4796
2686
2854
3478
1398
4789
8142
7189
7945
2581
381
2630
8413
7676
2262
1729
1118
2779
1074
9601
1882
9830
9931
1007
7519
297
4565
6286
5263
4380
9985
573
199
3497
6973
8750
4789
7189
4251
2196
6023
624
381
8533
4460
6746
3848
9190
6454
3765
4380
1460
10008
2275
4084
7975
3131
6463
6670
6707
4251
2929
1409
1234
7624
7960
4594
10145
2347
3156
8375
9528
7048
6173
8871
6182
4224
5504
7898
4344
1850
57
3497
7367
7157
285
258
380
4565
5334
5339
8793
7283
4380
4344
9016
2703
1938
337
8092
3960
7873
6286
5263
2275
8092
3089
3497
8721
57
246
3785
4251
4273
7800
7121
8521
4789
9190
4565
4321
9848
3752
9245
2865
9327
2630
710
8092
10182
4721
8475
1365
5174
1734
4220
3915
7203
9231
5263
7128
199
2632
7975
10224
3627
285
3765
6966
9926
7525
258
8728
2409
6951
4650
8094
3600
1786
2297
7878
4251
5595
9926
7048
2262
2145
3642
710
5644
2524
9403
1734
3419
7701
246
6743
2579
4321
9509
6590
9448
1729
198
7241
8114
7048
8833
5263
1435
9931
4450
5611
2929
9926
2440
2712
297
7447
7673
2241
7151
5904
1882
535
5006
3908
3806
4603
1739
2262
285
9005
4364
4663
4006
8789
6078
6966
735
6585
5247
3410
10136
285
1664
9054
9620
3157
2007
285
6211
1538
7430
8964
3848
199
2522
560
268
2592
8167
7048
6078
1661
268
5247
4796
2924
605
6104
5504
5025
4694
375
2297
7510
9620
285
8092
1697
198
4770
8399
9926
3
372
8096
5577
7048
6645
380
2496
735
3661
4019
8016
5604
337
8543
8092
649
10021
7607
1095
9717
6114
1435
199
7975
7395
6628
1957
9886
285
7878
10032
4799
4321
1785
4489
5481
10145
9985
4
5383
6207
330
6951
2583
8092
991
6286
685
1007
9966
3157
7975
7617
7151
1700
3407
1066
1729
2413
4934
3291
4565
7048
6916
1095
5179
5608
5263
8845
285
5263
1365
1460
5300
8793
9210
9926
588
6430
58
93
560
8113
685
2840
8004
4251
285
8185
9353
10008
5605
285
9232
1714
2992
9625
5004
9760
7975
4265
403
9663
6430
2263
9926
6670
5657
4369
381
9465
7406
3745
3306
1882
6286
10008
10182
4318
8772
5929
170
3848
6579
5929
2725
371
9180
199
285
5504
5227
5910
1700
4694
3497
8092
5187
5518
4603
93
3089
2639
7062
8871
6190
4565
7203
8083
2924
7648
372
7098
5247
3908
1154
4251
10032
6956
3882
7727
8990
7569
2409
4319
2579
3908
5504
4321
1938
3390
4023
3157
7727
8273
2263
3806
285
2028
4251
9259
8384
6928
2624
5194
8092
8793
8103
3763
6634
6969
254
3557
285
2743
3497
4287
7972
9245
7003
5440
2275
9082
4014
8268
3728
1294
8787
9290
6324
8750
2579
6547
6794
6579
1053
2413
2583
8092
10032
360
7140
7584
6969
535
8375
6651
6314
5929
199
474
650
3093
3410
8092
8160
4212
7048
5076
8293
9217
1066
9072
9234
10214
6648
8092
3205
6670
7525
7196
7048
1065
9501
1066
4258
3567
4603
5657
8690
8302
8316
254
5479
1348
4565
7447
4161
4383
8668
9487
7607
710
4852
1881
5605
5647
4251
2414
8789
7048
9596
2263
4521
285
7617
2409
3908
4934
371
4325
9054
8690
4718
4391
4265
198
6707
285
4147
474
2633
4633
254
3731
8645
6421
624
8113
1348
2579
5504
1348
4321
8864
4251
9269
6547
8810
776
7569
6756
9903
10021
7972
386
1684
2361
8684
4319
3694
7189
2263
5221
8543
9926
4224
8280
1926
7953
2409
6286
199
285
9132
673
6085
63
8956
6186
4157
4251
8956
9926
381
4934
1387
9926
5341
3390
9926
9541
285
5609
6651
7012
8009
3157
1616
2262
7584
7625
6388
1882
8189
4325
9501
2262
5300
6601
203
4789
8179
4460
3728
3193
431
8448
285
6286
7203
2520
935
1443
671
2633
285
10103
3975
2579
9353
4164
7878
6966
198
285
5820
1786
2361
6508
10182
5194
5339
1882
4591
560
9190
6033
7897
6286
9350
9760
1734
5688
6648
474
1074
8160
6645
5440
5893
9272
3407
2583
2263
8273
6207
4239
9231
6743
804
10086
4430
7395
4721
664
1065
1729
650
7048
3848
4157
8787
6648
6597
2874
1435
5910
7189
685
7061
1697
5448
2263
4412
386
9232
1460
3004
1697
8114
8871
9926
1938
3584
7309
8094
7701
9487
9190
1850
9926
5174
6978
93
8096
8273
9190
7048
6186
203
3336
4084
7286
6211
9353
3419
671
2262
4513
5504
10221
650
5195
1684
5929
2275
1609
6580
6651
6528
4489
9353
285
9269
10214
8793
7214
1616
8871
9465
1336
6421
3112
8280
9966
9063
15
3964
9072
1739
9465
7410
7048
5233
1882
2203
492
1850
2610
3157
3157
3157
2225
2683
285
2225
8448
2409
8031
285
8160
6525
5910
6746
664
5006
6278
5383
5504
4565
6951
4
8721
1365
4161
451
3254
6579
7975
9663
1908
2361
9269
4789
1609
2579
3767
3728
9926
1882
9353
3497
1882
6930
8896
2929
935
2047
203
961
5929
6945
8652
244
7914
8092
7624
9255
1746
3419
4239
7196
4287
403
7945
58
4718
2297
1739
3497
5647
3428
4870
9234
5608
9190
7189
5504
734
7048
168
6648
4014
3419
6430
8646
6430
57
9190
710
10021
6707
2361
4789
4362
6169
778
4771
285
6525
7189
2241
3289
3372
3997
7960
4789
2348
3584
6648
4131
330
2296
1463
199
3998
8092
4014
197
7151
8092
8805
2522
492
1
10008
6430
8280
2409
1203
2361
6580
8114
3336
981
4694
8806
3407
7975
1764
6597
9760
9950
9054
3112
8833
8092
9072
9760
8097
1764
7472
619
7214
3908
6509
2145
2409
9956
1463
7309
6645
1882
4147
2632
1882
1460
4770
5910
2777
6969
8175
285
9477
7569
6877
5504
4770
5440
588
4565
2028
7367
7309
2583
10040
6430
5699
8096
4258
7286
1664
4251
7098
4650
3960
4319
2465
4258
4014
2650
2583
198
5247
6388
10082
285
4770
3876
203
2592
4694
6023
1926
2579
9190
560
375
6835
3517
4251
4319
928
3326
9846
4738
4251
8097
254
6679
5368
6928
170
3632
650
799
7288
3419
10186
8092
1854
7727
3407
6286
7912
6966
337
7525
9625
3324
4147
2986
285
9036
6421
8103
8175
9403
1957
7912
6463
7410
6739
1881
170
2524
3419
7313
9926
1368
545
5339
5371
3407
7975
10198
330
8728
9760
8875
8793
3997
8092
1786
7873
2977
6916
9138
9132
2924
3401
4789
4934
1714
5006
961
3627
6911
3112
8092
4789
10032
380
7430
5334
4653
7472
7878
3571
6794
6651
4850
7283
2725
5504
7525
6324
3381
6182
6877
8871
7953
1435
4329
10040
10214
9601
7953
6033
7614
6739
1159
3972
3738
8094
285
4430
4700
8094
3688
9308
5479
5334
9290
4603
9931
8097
7897
1007
1711
2579
8533
2275
1398
9036
4287
1859
8683
1368
3960
9290
199
6190
7920
8793
4650
1154
8375
6207
8095
8160
8009
2624
8690
9966
10032
6579
4321
4319
10021
7375
4489
4024
650
381
1711
4700
3567
4870
5063
4023
9265
1473
2919
5929
3785
3375
7048
8268
198
7196
4694
9886
2986
8012
8429
4391
863
9926
3498
5929
5179
10021
8092
4258
6182
6508
5052
9718
285
6078
2524
2579
4852
8492
8990
8175
3806
4650
991
5609
2241
3471
9663
8543
9217
285
1947
285
2579
9931
4344
2686
7226
7189
9985
5341
1926
4999
6905
199
3004
7173
170
9232
961
5413
1684
5504
7286
3642
285
1199
2854
8092
2579
8160
5479
10224
9465
1882
5029
285
5004
8092
10145
5140
1613
4215
7196
2007
3028
5904
9896
4565
2073
3419
10032
624
928
176
8881
4521
3997
2255
1664
2296
2361
3757
5179
3497
5339
2262
7544
9132
7975
2203
1460
5657
285
9432
7727
942
5479
4224
8683
494
6945
10032
9232
2945
9760
285
3748
4380
6035
9118
9217
8508
9509
8871
3584
3627
931
5477
6286
664
1746
4565
6286
10008
2743
8484
1422
7478
6580
2606
10214
5247
372
2592
1336
285
7048
4650
6421
3004
2440
1074
4653
451
4297
4934
12
6078
1443
285
2583
5481
1104
9926
6378
258
4499
8930
9872
7313
1180
7286
3135
5644
7578
10032
3291
10224
5383
6651
8012
3236
9159
9132
710
4815
1882
1294
8375
5221
8833
1
7048
6651
285
1348
285
5613
7102
5448
7912
4603
1314
6945
2471
2929
1365
4084
6122
9219
8160
285
9663
3692
7833
8475
494
7727
7256
4251
5263
4603
6585
7048
4799
9016
3289
8092
6286
5504
3581
2583
285
1882
3697
8492
6980
1235
1443
5263
8092
3850
2888
15
8881
1443
9272
6005
560
695
8012
1739
9541
3
3407
9878
7624
7544
2203
285
3497
474
6207
152
5812
8787
6190
8160
3336
7048
6443
4565
6182
3323
1664
2583
3188
10182
5613
7873
10165
3694
9620
4815
9894
9878
2028
4799
5440
7914
1833
991
9620
1711
2945
8750
4928
1729
9620
5440
8016
7303
673
853
6182
6956
10118
7048
6097
8793
5371
5609
8871
4009
285
3964
3419
1336
8713
10182
285
4565
6969
6286
285
2579
1473
285
9860
9028
5179
4870
7395
1304
2465
5459
8990
6116
2919
2579
6816
3571
3254
685
6651
1538
9290
8993
3498
7283
3401
4251
3964
1241
2867
6104
8092
2225
4321
2409
9005
532
5644
499
285
710
4870
1611
868
8031
710
1882
9509
671
1744
3752
2471
5504
6430
1739
9601
7617
3249
710
8772
7727
6707
8990
6436
4258
6651
372
168
7447
7945
10082
7342
10040
7286
2991
4460
7727
8841
9926
8787
4700
4770
4014
2888
9990
1661
8399
3960
1711
7003
6973
10179
1249
3676
3157
5916
8092
2361
3964
2028
3964
6651
5910
9760
9926
3249
6278
7975
9072
6033
9985
4013
5341
957
4369
381
9004
4391
4086
1538
928
4574
4140
3571
5440
2262
4700
8930
8533
3497
6911
8113
4653
4319
4329
307
6956
1237
2297
9642
4391
6078
285
532
2777
474
3
4265
6033
58
8793
7129
2908
7673
7831
5479
9509
9689
6182
2471
1365
3
415
4870
6211
9509
3844
402
5456
5518
1744
4265
5227
8189
10040
9465
7447
3336
8161
4297
4700
1963
8930
7048
6624
7212
4282
1154
6104
4947
4321
8793
5876
3
5337
3571
8273
7003
9926
3755
1104
4694
1764
6651
9767
7048
4344
3157
2522
7212
8683
7286
4770
381
7288
4251
3882
3635
6211
451
1704
7299
1882
1241
6207
1209
9663
4567
2409
5141
4789
7196
9896
8092
15
8787
3964
199
9284
6951
621
3093
1203
7048
4870
7751
8533
8793
8793
5063
6463
7779
9848
9926
8113
3798
4258
2471
1009
10222
512
4753
2888
8793
5368
2606
8299
2888
4380
8016
3497
4344
7898
9926
1118
863
5363
8096
3
1881
9919
4006
3567
8789
9663
853
8025
7129
403
9353
6980
285
9732
4365
285
4521
1467
1495
168
285
7630
2572
6324
1854
1294
8092
1473
10032
5609
6207
2263
4362
8492
5929
4495
2262
1611
3694
6508
8909
1336
8896
1938
4906
5876
1810
9985
2361
4789
7569
5929
6207
9269
1611
2413
10032
8103
6635
8094
3748
4273
9956
7914
1739
4325
694
7048
1066
675
6579
5611
942
4670
1106
9926
4164
4164
3785
3694
6078
589
8810
2263
3135
6580
9926
6324
4565
4870
8521
3960
9894
285
4131
58
375
1882
2241
8375
4650
8375
1154
1854
3381
1540
9802
10032
710
9353
9210
991
1697
7189
6122
747
710
2409
6651
650
2238
5611
10224
6948
285
9926
3785
285
569
2639
2361
6035
1237
4650
4009
4603
9190
4164
5699
1303
6286
710
6528
285
4603
8096
4489
7241
7833
4650
7189
6951
2361
7048
4789
710
9767
2522
1007
603
4362
2579
8728
285
2196
8930
5504
7048
2929
9432
2592
5504
1009
6651
6794
2610
4789
6104
7189
4789
4650
7447
685
680
8896
285
2768
8692
4770
3512
6679
6948
4594
1365
6651
7614
8092
2683
1611
1729
285
268
8092
8683
1744
5300
7048
863
7624
6968
5644
1908
4079
5383
1154
7544
4454
7447
7751
6211
3517
3581
9036
9739
198
7430
7048
3135
2802
8875
6585
8092
8618
6597
7374
6645
710
9760
8429
8668
8993
70
8160
8012
4850
7779
9926
9118
3735
2409
199
1613
8280
285
9284
8384
710
7827
8894
1611
9625
4884
4603
8092
6746
3997
9956
2047
8787
2683
6739
9118
1365
4852
474
9272
3135
6948
9290
4718
6854
7585
1882
9886
5339
8651
9620
2064
285
285
6624
1729
1949
7047
4251
10032
7800
6968
8160
1365
4287
9509
2992
9132
8384
675
8113
57
5577
1963
1
6430
7391
10198
285
5305
7256
285
1137
804
70
3848
5929
7829
198
2583
4325
1882
1294
710
3964
961
603
2837
285
4459
10221
7196
9012
6078
3763
2413
9290
862
7767
9926
8295
7624
4565
4964
20
2304
7753
8841
7401
7102
6104
952
671
6956
386
8384
5504
6286
9803
4789
2583
1314
3497
5263
2583
7048
3254
7283
5893
4653
8860
4815
2522
7173
7960
3249
4391
6286
7898
7410
2409
7048
1336
1467
4131
2610
6739
7338
9830
5504
1348
285
8273
4344
5613
7395
1711
4325
285
6980
8280
8023
1850
8583
1365
12
741
8931
1106
10214
8375
1882
4881
1729
7430
9966
4565
8850
1882
7391
2413
7975
5227
776
4319
381
5504
1616
3731
991
4365
7525
8677
5904
2865
4212
680
2203
7945
4364
8750
6114
5179
3135
3497
935
6975
57
735
5263
2703
10214
5644
9950
285
3410
2991
6835
7132
169
1729
1071
9353
1234
6816
5609
7401
1336
9255
1053
7299
9926
2712
244
4633
4603
4319
1714
285
7196
285
8375
6207
4753
7960
5140
2241
7132
747
1467
3497
8930
199
1336
1785
6816
9269
2196
561
4574
4620
1882
4258
3908
3188
5063
9926
9210
1137
58
4796
5910
1882
9509
3999
2703
4850
7173
7878
9620
799
1882
6023
2633
9190
1460
1882
8142
4721
1495
246
2297
4258
2361
3869
4294
7680
2583
5477
4024
7286
6421
10032
6746
7800
285
1704
6430
7129
7676
710
8302
7367
3419
1938
10032
386
3785
8475
4789
372
2751
9259
710
9265
7410
9950
6648
7291
5741
7457
3748
6651
5504
3323
3908
6651
6211
961
2145
4815
4131
7288
7829
5217
9620
7829
7585
3291
6975
7466
7157
6286
4789
2361
3627
2414
2497
1711
6951
8096
3997
5413
735
57
9259
6746
3627
4224
931
9350
9919
7375
9950
1365
57
5504
285
5383
1704
8677
6525
8092
57
2579
9803
4789
7800
4450
2632
8092
2929
2606
6651
2413
4084
6956
285
2630
8103
8894
3581
285
7430
9966
2592
5104
3112
3063
9477
710
3168
246
6651
1609
10118
6645
3157
4815
6756
1854
8316
5334
5910
5577
9601
6443
8475
7457
7821
6278
7897
3571
2275
5448
8160
3004
1711
8379
170
5006
7121
5203
2867
4789
5334
1180
9802
337
776
3205
9245
3785
6705
2263
4265
6378
8273
8766
8521
4430
7898
2606
381
10214
6525
2572
5180
6276
3157
7624
8384
2874
5677
7624
3557
7779
6635
2583
5339
1609
5844
6211
9190
4770
2465
7048
6973
8576
3231
8993
6916
561
2579
1551
4321
6286
5916
9625
7375
415
7680
7701
4251
381
2263
3135
4513
8810
285
2073
3239
3785
9132
6648
8793
4565
7975
10182
8793
944
7569
7680
1154
868
2255
9926
1314
5481
6582
285
710
386
152
1104
8092
499
5605
10186
7945
7098
9926
5031
9878
710
7401
5518
7478
6980
2802
246
2262
10182
6804
962
199
7012
2929
2409
2777
5305
5187
9596
4789
3848
8728
9663
3089
636
5504
4391
2712
7975
9269
10224
8810
4798
6421
3661
7374
9036
6968
10082
168
3135
9767
2263
4670
7303
4603
285
7062
1471
6378
381
2804
7048
7102
7873
6579
285
4319
931
6268
499
7673
285
3306
7447
3089
5004
4084
8216
7727
4789
8683
2579
6580
3908
4881
5382
2007
1664
6928
9501
22
4678
285
8728
9625
7751
285
8448
1304
8031
2743
4459
285
760
6804
804
2028
3915
10145
4633
5140
9956
7189
4024
4344
6211
569
8873
4721
381
5334
2361
6948
2579
9663
649
2413
712
2804
4934
285
2583
8896
8896
2196
4753
9210
6207
4215
57
4430
10021
7624
8083
5382
5605
7048
1235
3557
2262
7048
4460
9601
6104
2581
9802
2630
7157
1249
5263
5263
9063
9432
4325
199
2581
7948
1590
6207
10186
7624
6078
9509
152
2630
1007
8738
8092
7585
7102
2874
7624
2361
4212
6378
4906
4753
9926
3112
9956
5609
3848
1066
7173
621
4084
2409
360
3498
4796
7727
5339
9586
8677
1241
2465
2361
9072
6624
3908
285
3571
285
6114
9265
3635
4574
285
6651
2230
6635
6349
8670
2497
1926
4681
5194
4006
8156
2579
10006
8652
8092
3324
3767
1249
3642
6743
9265
8094
8160
4258
8092
1154
3785
2579
63
198
8990
7286
589
7975
197
5459
7157
258
8160
9365
1365
6042
6911
8092
7578
8092
9663
381
6276
1846
8092
285
3254
5382
624
7196
2768
8909
4369
7286
1294
8092
7048
7151
1609
6207
7241
3728
7102
5812
7727
7061
8092
9625
8011
2712
561
9860
6286
1938
3497
1850
7447
7614
4633
6286
3497
3964
4251
7624
6211
7920
381
9219
3600
8031
710
5383
5174
7048
5104
2579
10082
6945
819
1908
7878
168
636
3419
4454
8871
6421
5595
1154
6286
372
5031
7727
2161
2409
3324
1882
7624
7391
9760
4718
4251
199
2361
9501
9894
285
9779
285
7447
8320
7212
8160
6580
3964
4297
6635
8793
9926
4333
2496
4215
5504
285
8657
5179
4251
1739
9926
8259
4850
5180
4380
7762
5609
2471
2929
7048
680
9926
3094
5644
10186
639
6645
199
9448
2304
8092
1009
560
6131
8964
492
1551
2409
3407
7048
9190
5339
4999
5382
1734
4251
9926
4870
4086
5337
2606
1007
5383
9255
5605
6116
170
6146
819
7048
4770
3497
2768
7132
1198
3857
4131
6143
3908
2304
3600
7313
6042
9721
5334
4714
8787
6966
4603
6582
5339
8793
3407
4603
560
8766
6286
2409
2663
10214
4796
9432
1234
3231
9878
8871
8661
4999
4544
8119
3497
6131
8787
5339
7762
1066
8113
5906
7048
8025
7342
7617
285
4850
1882
5004
868
4934
9625
9903
6430
2047
285
5141
6122
5082
6679
8142
1118
7286
7897
9290
9926
8825
2633
7048
2703
7585
8025
9926
4947
4567
5910
8645
1882
6585
3323
372
3785
6601
2579
3497
7920
4565
3407
5699
4254
3869
2161
2348
10120
4574
3428
710
6930
3372
2814
1473
1249
1711
4700
8094
9926
1336
380
5820
4770
7447
3908
2196
5644
2579
2929
7607
8113
285
9217
8475
474
5844
4391
7430
5362
7102
469
7048
2090
1908
842
7048
10182
1199
3765
5187
4131
492
2579
605
4251
8787
4565
957
6116
380
3694
9541
199
2097
4147
6705
7410
8092
6580
560
8304
6951
372
4369
499
9284
4721
386
6739
7975
8092
7061
6436
285
7833
8583
285
10040
2090
2929
372
4917
4253
8475
3848
5906
1611
4934
2522
2028
1365
246
2440
9132
6978
7226
10061
7953
8429
5029
285
7873
5605
4251
9767
8119
6324
1118
8012
2945
285
93
381
7286
10145
2524
1926
1268
680
3908
3375
1
776
1365
7569
5025
7406
6207
10006
1882
4287
5382
10198
6430
5504
8160
1957
8475
2275
4770
3850
4565
2840
9620
3997
9255
9739
6645
8645
1181
1473
9350
6430
671
1007
6877
9528
5577
4681
10214
5174
3785
5339
4251
5504
4251
5929
7256
285
3336
2579
8931
9926
8930
3157
7478
868
285
5263
6173
3697
7920
9228
1833
152
710
6421
6679
1882
710
1460
9926
58
6286
1365
9663
285
8096
8094
9723
6211
3755
2768
4450
1435
402
3728
6116
4650
10192
8429
3557
4251
10118
7614
285
7510
944
778
9926
2524
6378
8533
4224
2712
7975
3728
5644
7447
4789
9528
5812
9760
9663
8484
4
372
569
6324
285
2361
6835
6854
685
254
7762
9132
7410
675
8156
7309
4770
8160
7410
107
5383
2348
2238
4700
1611
9926
10040
8092
2348
3833
1700
6966
8179
1729
5595
2854
9012
5334
2409
2361
1729
8375
931
2440
3848
710
8825
2639
241
4495
834
3785
4251
2703
8160
7288
4086
10023
285
499
7525
561
1065
2347
4321
4964
3419
4131
4239
2090
561
2592
7447
6131
3112
5174
499
372
2924
1764
4251
10040
2918
2203
7283
4789
6597
5504
8895
4251
3848
5718
4362
7466
285
3419
381
9642
6911
8728
7569
7062
4318
5382
2579
8161
6324
7762
3635
4369
5263
1104
7129
2867
2471
5339
3336
8837
9894
8103
2361
8448
2203
3908
5677
3135
3645
8375
3755
169
198
9926
1365
9036
664
1684
7189
560
819
4620
6085
7048
285
9012
8793
10118
4574
4212
6628
5339
6951
4362
2768
7226
8083
2804
9878
5604
6286
6804
4353
8092
2703
6549
4079
4753
2262
386
3356
7048
6804
1882
4297
5504
6508
402
2074
9432
8789
5263
8787
1704
2524
1551
10187
8259
5504
8299
8793
2610
8413
4391
7676
2572
3653
2297
7173
10182
3372
2579
10182
285
7203
1734
6104
961
2991
8114
2230
8793
3157
4353
6651
710
7676
2802
6707
3999
7098
7062
7048
285
5031
1137
5929
4789
120
4906
624
1729
5647
381
8683
402
710
2241
4694
285
5504
9012
7920
10032
8896
1859
710
9004
4796
532
4251
1137
1074
2579
8825
8092
2663
9072
2409
9620
1
5742
8873
4770
4344
6286
285
7701
3869
4959
6705
6651
4852
2703
1249
8031
7061
10136
5479
584
285
8475
8092
5893
7975
862
3557
5910
6973
5031
8895
285
6286
5504
8896
1694
199
9118
1435
7048
9353
4287
285
5140
8448
5594
7607
4251
2097
254
7975
8413
6651
710
9926
6207
4454
1336
5368
2579
9448
4603
3497
1616
4964
4365
8881
10192
8384
431
1203
7048
7569
9082
6804
6286
3497
4653
8728
5916
7948
2275
372
7975
2929
710
7751
4318
1387
2583
6104
8189
4465
535
7047
5699
2579
1365
6211
4603
9886
4881
4157
371
9139
9830
4258
2630
7048
1664
4009
9234
8016
4157
2347
4513
8384
6707
9290
1009
5448
2579
8492
9352
4650
9760
9926
6131
4344
6042
4294
6190
1785
8160
3908
4079
1463
1854
9139
4959
5820
2777
7048
285
4251
5339
258
5194
3323
4333
5504
3752
2413
7375
1071
2412
3731
2663
7189
7525
3767
842
9620
10186
3157
1729
3745
710
9231
10103
8956
9718
4251
4694
9232
8092
2945
5477
4251
1095
5221
7897
5382
10222
8092
5174
8787
8375
2297
935
3497
6286
6980
474
1463
10032
1461
4906
5916
5910
8543
4344
2712
1833
4014
1066
10116
4521
2409
7630
636
6211
9234
675
2263
6104
9878
9919
4164
8299
9353
6601
3236
6886
1249
7102
199
4365
7048
3642
9005
7286
2437
4321
8657
7614
7466
2524
285
7975
1882
6509
4694
258
4870
8652
4014
4565
254
1859
3642
5699
6286
3908
469
6104
3692
4574
2263
9541
4344
3497
1467
6601
10006
4391
4318
9802
6430
7367
7525
6506
7196
9926
3833
6624
5368
4694
285
3975
9082
1739
5741
7375
3642
1882
1336
5611
8160
8508
6463
431
285
9190
8293
3407
9399
198
8316
4567
6182
6104
7953
6651
9265
285
1467
8092
8092
4258
285
5300
3375
2255
7960
4694
6651
7157
4870
2777
4753
9926
1137
9501
9448
4369
5339
2230
5337
2632
7614
6078
2929
2262
8161
5989
4251
8092
285
4653
5916
7048
8956
198
6746
3410
7617
5481
285
2090
9327
4294
9353
8092
3249
3997
285
4369
8268
4489
3557
7975
9723
2743
2047
6948
2743
4251
1739
8384
3410
4789
2610
1095
2630
1368
6973
3497
3326
2945
2947
6739
3798
6816
7430
431
5741
4086
6388
6085
8692
4956
3356
7283
1744
8793
561
8124
1684
5906
3676
9956
1387
7578
8025
4251
4251
8881
7286
3249
5195
9219
6078
3
9213
8295
636
7727
15
1859
5479
4805
4273
2496
5657
4251
5263
1304
747
1053
8825
5440
8521
9956
3157
4789
710
1711
5504
8956
7975
4789
6635
3848
10182
4714
3497
9596
2929
4789
1066
4131
2583
6211
1882
4789
2409
3964
2304
7762
9234
1882
3188
9950
7173
1947
9327
2361
494
6804
5504
285
4147
57
5820
1729
6549
1664
9926
4574
6580
3324
9004
778
1729
8825
2317
7625
4789
7800
710
8096
7630
5504
3135
8092
285
2751
8738
6886
4333
9265
2238
6509
4999
1615
3632
337
2579
8004
4297
2409
1388
4565
6023
9004
8690
3471
7525
3291
4391
7624
2592
3642
6008
9896
6525
2874
9663
7972
3833
5247
4140
9966
8023
5187
3231
9269
8092
9509
7048
3876
3632
9926
5906
8993
7614
7975
8713
2225
4703
1645
1882
1538
6670
1198
8384
4964
7061
6948
8375
6146
9620
7367
9919
6286
381
5300
7525
8871
2225
8436
8113
9272
6635
4565
6211
3419
5677
2409
8092
2777
6635
10032
8011
3260
6286
560
4157
285
6182
1882
2263
2929
2090
9213
5337
2712
6648
3584
380
7048
5180
1538
3497
3324
9620
3908
2610
7129
8160
2579
7241
10120
199
5479
3908
7960
337
2592
327
2579
1833
8083
9663
3848
710
9754
198
1237
4273
7975
8094
6286
4681
2100
1065
10023
4212
5382
7048
6430
7975
1422
957
1540
1664
2100
9132
2579
168
7048
4789
2100
2409
4721
1409
8825
4023
285
1882
6645
4024
685
1235
7578
8728
5264
285
1473
7680
3497
8793
9290
8016
8792
3850
4319
198
2837
3692
3908
7975
8280
5504
4789
4852
6211
4574
254
2361
8092
6877
1700
9723
1159
6211
4251
4805
2524
4460
6635
1611
4789
4251
285
7048
9190
8713
5989
5025
1697
6430
4
8805
3697
5595
6114
942
1846
8793
4251
6973
9966
1609
3497
5456
2712
710
4253
1590
649
10214
5481
6580
5031
1882
3964
380
2867
9926
5140
9956
4495
8094
199
2583
7727
7457
6122
3094
2579
3735
2440
6585
9063
862
2409
7914
2630
2522
7767
9272
10224
188
10165
4521
8299
6104
4603
1443
8092
1467
1697
6804
2361
9767
3356
9926
9477
3471
7048
3112
9432
4391
285
6975
1926
9860
2977
7309
4789
9739
2725
3497
2361
6651
4412
6104
4815
710
8175
1764
8103
8092
7048
6635
9886
4789
3498
6207
2712
371
3372
5383
4810
2606
8683
4321
7048
8683
4251
1471
3908
2238
5595
6078
1159
2814
1249
5179
1467
381
7061
8094
469
6122
6131
9739
3356
1209
285
9487
2471
7831
2814
2275
1336
4318
3249
8750
2263
3645
9926
6173
6945
4603
4738
2592
8160
9926
1365
1344
8092
199
680
8092
2522
7299
9732
4714
10145
4789
8023
2347
4603
4789
6114
5140
8124
2840
4603
7625
285
2348
7256
10082
58
2712
2606
7196
1443
285
6804
418
8661
9063
7395
6078
1009
4079
9231
8083
5263
7914
5382
4161
285
2579
1995
9487
4164
9353
4251
9259
4297
7173
2100
5657
6651
7283
560
4140
2929
494
6628
710
1538
8533
7727
6743
3
7102
2076
7878
1387
3785
4565
3571
4460
2610
2777
4251
942
1066
8651
9926
8384
6104
6211
285
8124
2225
5989
2090
2712
8429
10118
8094
9505
10103
4475
8092
9689
7338
6078
8016
8766
1199
10120
962
7478
8895
5179
7953
6679
1538
3112
9596
8016
603
10021
3908
380
9689
5382
3094
6436
1336
9308
1336
4870
8304
8259
5904
170
2583
8179
5363
584
3135
6707
561
3249
4799
4369
2712
3193
8092
991
4810
6097
7288
7151
776
10032
6648
7578
161
10032
3289
8092
9465
1882
1137
4770
10222
8805
3407
8652
57
285
8683
10006
9950
9132
2606
7447
971
1242
8651
3439
5440
2007
3581
4884
1268
3156
3407
8793
4369
1697
7614
3336
6886
3168
2007
5605
3375
4251
9290
20
3848
5179
4603
2255
2918
5362
6648
7455
5382
7800
683
8273
3688
4321
8016
5456
285
170
7584
1365
588
3692
6632
710
5609
10187
4603
10021
381
10222
9926
199
4789
8875
9931
4329
1104
8605
569
4224
1473
6078
57
9739
4603
6794
285
4450
9779
5371
6707
3497
710
4815
2865
198
2263
7048
871
285
5461
2583
8092
9860
685
8273
7519
8259
1473
6008
3323
5929
1746
4369
5440
2650
2007
2407
9284
337
4224
1443
3571
2712
4084
7525
1882
4789
4789
2262
1833
1882
4282
4251
4009
7920
8160
8713
8375
6711
6023
1957
2262
7630
1739
4220
285
7395
675
199
3336
1882
6601
6648
4251
381
10182
7833
431
10032
2583
285
8713
285
4870
8179
4603
8894
4380
9940
4321
168
5989
6097
9265
2924
4703
10032
1268
3192
4959
675
3497
1268
8896
7048
7048
9926
3512
246
4239
8833
9190
5718
8016
8092
10040
7048
3765
4565
9721
285
197
4287
7129
561
6286
4353
8646
1882
6207
8806
7048
7569
6182
5006
7800
2606
6651
6648
735
2854
7624
3728
3497
10224
5174
991
2412
9721
7727
9063
7189
285
9860
7614
4084
3653
2583
4678
2074
2874
560
7525
4475
6645
1461
5382
6430
2161
2814
5263
6877
863
7953
198
285
9132
1551
4934
285
7048
1104
7374
1882
7342
9926
6635
10040
2992
624
3571
2263
5194
9723
8092
8645
5479
6966
7544
5577
710
4131
4023
1744
9926
8092
4
2606
2583
381
8092
8670
6276
7048
2263
6651
8092
8789
6430
4753
961
1684
5383
2572
9739
3908
4459
372
9625
3567
2589
93
7196
1995
6651
573
285
2777
8475
4565
5910
5699
1926
3168
8896
5368
9255
1963
4594
1443
8083
198
8379
3882
149
4131
2802
8871
8793
9353
3157
7525
9767
6973
6635
9926
8096
8096
4
4251
7129
6211
3249
5300
5644
9255
9284
9138
8280
10154
3635
198
8793
8738
7140
639
6143
2908
254
3323
3497
6756
285
258
5893
3289
4164
2991
6746
6886
3497
10021
8094
8618
6035
3997
7395
5504
1882
9231
241
3972
5382
285
8875
7048
2583
4147
1154
9663
3757
8114
3908
198
710
1154
8683
6978
4852
1348
4440
7196
7878
9265
8436
9210
7975
6169
4273
9950
4287
4265
6182
4721
5006
804
5504
1314
4653
6131
285
431
9138
8896
2581
5820
3697
7510
1664
7048
7873
9966
621
4606
3512
5362
991
6980
2592
3050
3745
8448
1118
8092
5448
5382
7767
3581
7048
4770
9966
1538
7953
6956
8896
4870
4603
4251
3157
1854
1882
7395
254
7151
2583
499
7189
9290
8384
10186
5300
1203
3785
2579
7196
7833
6549
8618
7047
7048
2924
3157
188
8810
4663
8012
6711
10032
9509
2743
5194
1071
9732
6930
337
8092
6286
285
7256
6679
70
1846
1613
4440
4333
5339
7303
7196
8094
7151
5699
935
6388
8375
6549
4287
8092
5876
4353
8092
4770
9760
6211
6454
3728
6286
2743
9663
1882
6525
3972
710
2263
3063
3728
6421
6023
8016
8436
2865
285
4718
561
9754
1235
2610
7975
22
10032
7447
2074
7525
3157
9004
373
8484
2361
8683
1137
1242
7121
295
254
10040
1661
5305
6005
3600
6169
337
2263
650
9779
4475
9190
58
1203
8092
285
4282
9190
285
176
7878
8092
9448
9232
6017
5263
4870
2579
7102
2262
6286
5647
1882
710
4251
4224
4325
6182
5174
5141
6104
4282
1314
7676
2572
5076
10186
4157
5893
6008
2918
6877
3028
3697
4251
2712
1268
4753
7048
258
199
1908
1684
6388
8113
7121
285
431
5264
7727
4251
776
6116
2275
6278
4251
7753
8881
6182
5929
2606
4140
285
8684
9966
735
776
5362
9966
1065
4329
8175
7727
1503
2991
8896
7519
2865
7299
3997
8161
741
15
9290
4603
7283
8684
6951
7048
8728
337
1473
3850
285
4574
3410
2263
2407
3745
3848
8092
9541
8092
1938
5929
4321
7098
10186
8896
9352
8092
4565
4574
10082
2080
9118
8092
1007
7309
1926
7299
9180
1859
5504
1697
5929
935
3581
4440
957
7569
3401
3581
285
7151
3
8175
2465
10182
8092
285
1729
1616
3231
3390
3763
4325
2583
70
2007
3249
639
4789
4753
5362
1137
734
9005
3135
198
5264
15
7821
5504
9072
307
8576
2712
295
9926
4465
7525
5677
4603
9232
6104
4810
8096
5187
7048
6549
8683
8792
9403
3063
4633
7102
3964
3401
4024
7395
6580
2929
8092
6286
7920
5609
9860
254
9350
9830
6905
7578
3908
1241
8092
8871
4251
4
2837
285
6207
710
1590
9723
9353
588
8092
10165
3798
8092
2606
7286
8094
8605
2630
8881
1422
5187
8185
1066
10008
5104
3735
5179
2579
8793
3584
4251
8092
6211
9663
2409
5203
7569
327
1443
327
3908
285
6911
6430
4325
9290
9403
7189
1137
8492
4663
8016
2592
149
4157
7189
4565
7727
4329
10224
7525
5459
285
5382
5904
6528
58
285
3094
337
8375
1257
8295
1664
8605
7878
636
6951
2348
8833
337
7624
1700
5339
5012
8096
2409
8004
3192
285
3908
3798
198
1336
7132
7212
9926
5985
6707
6207
9132
3964
2241
499
981
7256
5203
605
451
3291
8299
3731
285
8521
4870
5608
2712
8059
2683
4789
5504
4362
2317
8103
6969
5362
6951
6430
4663
3497
3785
4220
285
7256
5440
9926
6585
8320
5929
285
6905
6905
2348
5194
5477
7395
2712
4084
7960
7617
7048
7701
7447
8092
650
935
2579
1697
6651
7873
2777
1882
492
8083
3908
9138
8789
1947
639
2804
4
7132
5063
8114
1463
7525
10103
8990
7048
1473
8059
285
2592
199
7972
8793
710
7048
3478
1154
2579
4251
1882
8167
8092
3869
10040
5440
5575
3324
2262
57
650
6580
494
5906
710
2945
2414
4131
9509
4006
5456
2579
7478
418
4603
285
7447
4650
5217
1611
7617
4019
9042
4870
532
8092
3498
1664
8095
2583
3517
3876
4603
3498
962
7401
4805
9931
3908
7132
2263
1938
9926
4251
8766
7374
3642
4251
7508
4325
285
6078
710
7953
4251
2804
2945
285
5820
6078
372
6182
4703
8083
9004
1387
12
7831
4251
2929
6436
6877
7048
8161
1471
1711
4958
9265
8429
2703
3661
4958
6454
3635
9966
4079
15
9132
8375
8766
6182
8475
710
5589
8864
5221
9894
5025
4870
2524
4870
4475
1348
3964
8092
7203
6651
2238
6635
7098
5613
6463
7727
8990
5718
3908
10116
8825
8092
7510
403
2255
8475
3882
8484
799
9465
285
3908
2409
776
9234
9255
649
285
7189
297
7727
9403
6651
3135
5368
3755
3326
4157
1785
5339
8092
285
6421
3497
8094
1882
9919
5337
7821
6978
6211
7920
4251
6648
285
4251
7878
285
3806
1074
6314
6268
1540
8651
10040
8092
7048
710
2768
254
199
6645
6707
7525
7288
1963
6078
6794
3135
3093
3738
3478
2650
5844
8990
5179
6945
4475
5337
10192
4753
4906
3407
1249
8657
7256
285
2074
9760
7048
2440
9601
6463
4251
285
9118
4273
1348
8092
4084
4
4770
8375
9012
176
2779
1198
2777
2361
1348
8618
3497
4681
4251
1074
7048
3193
6182
9501
8016
3763
4157
8690
4959
3249
198
1473
1007
8094
991
7821
6645
5481
4663
3627
1467
9926
4603
8448
176
560
9830
4565
7584
1209
4884
418
5025
1854
6590
4251
3908
2630
7975
7048
8475
1882
8299
6122
3356
6078
7048
6186
2203
5063
9350
1007
6645
199
5647
7338
4798
9501
1365
1908
8793
4934
9016
799
2992
3724
5876
7676
7102
1303
3908
9269
5174
4147
492
9042
6207
4789
8092
3908
1882
6349
3642
7680
4391
6905
6597
9352
4653
7299
5174
2028
285
8793
9830
1938
4650
1871
10182
6190
1551
4770
776
4789
6443
5456
8659
560
8895
2929
5371
5504
285
4594
9878
2496
2572
6085
8810
2347
8142
4565
3112
4603
4380
1066
4131
9926
5644
4084
7288
9926
8092
1435
4718
7508
1664
4489
7960
198
170
5052
254
9926
5305
3632
285
4565
8179
5339
7102
3289
57
1053
6580
9926
8930
285
9760
9990
9846
5229
7975
7727
4565
285
8896
8793
4157
6635
7048
1616
7286
4215
8521
2407
1744
4799
199
561
3497
4251
4364
6969
1460
6223
9931
494
9926
545
285
1467
285
9063
2918
285
6648
12
7945
4694
2203
199
10165
2275
9272
3908
3407
7821
4798
3876
8618
5082
9926
7897
3324
6104
6173
7286
10032
2412
8092
5608
3869
5180
8683
971
2918
8113
3584
10040
5413
624
671
9985
7102
1368
7753
1854
5263
8896
961
9054
9132
8160
285
4663
819
4565
4884
8012
8684
5339
6966
7578
4287
8651
9760
4810
2991
6951
710
8837
4956
1473
6928
7048
734
710
6973
285
1963
6651
4789
5820
7286
1461
9228
6679
4079
8384
3407
10186
4603
4319
6816
8092
5589
9926
4254
4369
1995
7607
7375
2361
5504
2579
1473
4325
2929
4789
4353
285
2522
4796
8871
2579
8161
8931
6211
9228
4287
3192
2579
4663
5263
285
6211
381
4789
4251
3915
1365
1882
9860
4084
8806
7102
285
7367
6624
9940
4574
734
6648
6585
9132
5029
5876
10103
1995
9036
7960
3908
8964
6131
710
4789
7401
7430
9159
6104
7447
6314
636
1729
1645
4084
9926
589
1095
8896
9950
4460
7617
7313
1846
499
6794
1833
8259
7945
3497
9940
799
7430
246
3050
8864
198
9760
8092
6794
4694
12
675
7121
4958
1926
4653
1074
10040
285
2497
3600
2275
1938
9689
8384
1996
3004
9308
7607
1850
3381
8092
9779
6186
636
1697
1
8436
1711
4251
3157
3752
1882
9886
1645
8083
9926
673
10021
4770
6286
5263
6648
4251
10032
6017
8690
9926
1443
9985
1963
8092
4273
254
198
7157
3581
8092
3517
9990
2929
9353
4770
8092
4810
5876
7008
2524
5382
203
3833
2262
7447
5929
3419
4237
7157
8728
9966
3975
2007
63
2583
9802
1882
3512
1538
7157
199
819
5383
285
3567
9213
7945
6645
1009
3908
5604
5263
2275
4700
7048
8092
5699
5604
3567
3410
4329
2579
2297
3471
532
4850
2874
6078
664
6207
8448
1714
6286
1241
9926
1739
5339
8931
6078
4079
6211
1071
5368
7975
9403
8142
6116
2262
198
6116
2610
4380
5929
7303
6211
5339
6645
3635
4789
4789
1303
710
8031
6033
2361
5263
1365
4365
4606
6506
5440
6580
3375
4753
8793
710
6278
2361
1198
1996
3745
7012
1850
4009
7569
4084
2263
9926
6951
7048
5368
4770
685
4650
9072
5063
7189
7455
337
8113
7214
3785
5006
9210
7508
6078
6651
2145
4287
1065
1471
4131
10021
120
7630
1611
5006
7048
9926
7102
4251
5906
9878
5187
1495
1368
4251
6005
9036
254
8875
1949
7189
285
6211
7508
7447
402
7047
9625
7048
4694
5504
380
5334
1473
2929
8004
2814
3249
1764
7286
8375
4721
1118
4653
8160
2583
9903
9541
1882
7912
6648
1198
2592
2947
7102
8160
3848
4009
6816
1697
1882
474
9159
5577
7048
6104
10182
285
710
9269
8113
8097
9903
10040
4329
819
5300
1
8583
6651
2409
3471
4161
3497
7102
9272
4789
386
5504
5456
1963
957
4870
675
5052
5605
2524
4079
285
2986
7151
871
8484
8259
9036
7960
8684
5589
5025
4850
4325
5644
636
3419
8092
6005
2437
8092
285
7129
1348
6509
3635
4251
981
8384
675
9956
5052
8670
7447
2929
3323
6078
2263
4714
7873
5459
8661
683
1746
5577
8793
9159
4678
3975
8875
4753
2263
9950
8160
1882
9210
1235
2297
5300
4251
624
6146
2007
1471
675
5179
1850
1611
9255
285
372
1473
9990
695
4224
6078
4521
5187
8772
710
6383
6207
1949
9213
6122
7624
5341
2196
7375
3517
2751
2924
285
8175
3093
7625
4161
9956
9760
285
7102
8092
9950
381
1664
337
285
7098
4934
2255
6182
2583
285
3356
10116
5910
2624
7878
9509
2437
285
8475
2565
5368
2992
7975
1066
5910
57
4353
8956
2262
710
6104
8092
9231
4319
8990
4391
7831
5263
5929
3765
6114
4958
961
9718
1926
254
1066
1241
6579
3410
7648
8429
4224
4251
8429
2471
1786
1926
4934
991
10021
6980
3844
1435
1007
2263
4852
258
4364
9290
4753
8304
6268
4140
5300
3785
1947
9956
8721
5504
8059
10116
4906
381
297
1881
605
7313
2263
9625
4380
1882
5481
285
3688
8273
8167
203
584
499
1739
3231
4251
1066
5382
285
7313
6648
9353
4273
4789
5609
4157
10082
9269
285
8475
3997
1234
8160
8293
337
1664
6207
4810
6186
4565
8895
285
8094
8728
5699
8092
2579
1729
3581
2867
2361
5004
6645
6421
1744
1551
188
8492
680
1854
4650
6886
6651
4789
2263
7303
9767
3581
5063
7920
9365
5459
1009
7048
375
10082
2074
8896
2064
1467
1365
6207
1739
4789
8384
380
8895
9290
285
710
6211
7584
4251
2579
4131
710
6207
9926
10192
285
1118
1159
297
5368
512
10224
6835
3497
4620
6956
254
1365
6421
8023
4251
7048
7727
1435
254
9926
241
1714
4475
5221
7547
9620
9846
7196
9985
8113
3375
8618
8429
3584
8728
7975
10182
380
7342
6525
2409
3135
7048
381
7727
1785
3763
1198
10187
8216
8931
8160
285
7767
9210
7578
673
7048
7975
4251
4888
8881
710
3697
4131
6463
9760
5985
4006
2583
3375
7283
1242
2565
5082
8092
1609
8429
1368
8299
3157
7151
7129
3512
4459
9886
8167
4273
8793
4771
8012
4365
10021
5337
569
9926
7189
6835
170
6956
605
6436
5076
4251
8092
9138
1071
5910
3157
4650
7624
285
3135
3964
935
7873
3375
7048
2263
1503
3419
1645
935
8119
9012
6651
7617
1609
9926
9353
6085
2579
1066
7286
337
199
1398
8652
3581
5504
560
1882
9886
9689
8316
2929
268
2929
8299
5063
198
1198
7829
7098
499
3419
2361
6276
10186
197
3157
4815
1615
9190
2572
863
9926
7189
9940
285
6278
962
4789
8787
4454
8792
7061
6042
4663
6276
4606
4265
6794
8651
7299
3289
1729
4014
868
9803
2275
4798
2414
4362
2522
57
778
5742
5187
5929
3850
3205
6078
1551
375
198
8842
5504
4362
7975
1739
3410
8895
327
5677
747
3249
3632
8092
5339
6008
8413
8661
7375
7048
4934
199
1908
4917
2840
2592
285
7727
2633
8092
5300
6585
4321
6430
2712
2409
6430
5477
6651
8728
8142
5609
6463
4959
5233
1859
381
5893
4805
5504
6436
2579
9528
6528
3239
7585
2090
1711
7525
285
1365
7751
7048
2929
4603
6585
1348
4258
1237
561
4344
2583
747
1348
4251
7241
337
176
6122
9403
9872
2924
5229
198
5504
4603
198
957
9926
3728
4603
7048
3497
3498
4019
285
3908
1473
199
8825
2703
188
4251
6601
2908
5174
4325
4789
3249
8216
7975
8092
6182
2583
3326
1609
957
9132
2007
9754
2572
9213
6078
9284
5140
4870
4798
6511
9723
8316
1882
3356
4789
8113
1473
1882
649
5004
7727
8793
9620
7189
6182
3694
1203
1833
6877
4212
6645
6207
8930
381
3848
254
6207
7584
2361
8092
935
5504
5174
285
961
4239
6975
9132
5844
4140
10040
9054
7342
2076
4321
4603
871
6207
197
9139
8016
2579
6580
285
203
8113
10021
3908
2196
1963
7972
8156
7048
7948
4430
63
9926
4
9505
7624
7048
710
2520
710
254
1664
9926
2579
6286
1926
2565
8543
9448
6511
2361
6854
8576
6190
2977
337
5844
8280
1435
695
3581
710
246
6835
636
6182
4253
9721
2888
2918
1304
9830
5929
2409
285
285
5031
5477
3738
7003
8793
3998
7196
9290
1007
7374
9830
297
6223
285
7525
7948
3964
4251
4852
1616
1734
2804
4294
1882
1268
1551
4329
7953
7648
2076
6648
8841
4574
1348
1181
285
6969
8492
1882
5604
4353
4700
6008
8092
3324
5382
1882
6651
5504
4215
268
760
8092
3850
9228
7680
8825
1882
2918
588
4459
561
1882
7048
650
675
1463
5194
1764
4224
381
268
1926
5229
5577
5368
1711
2263
8875
2579
1198
5929
5906
199
4650
5082
7614
8094
5179
3627
9399
2592
1697
4344
176
9586
6648
4565
1882
373
5477
8103
8092
10214
285
8652
8293
3975
285
3497
4947
1611
8092
5263
6430
7975
2409
1387
2255
1611
1467
4789
4603
3497
7607
2929
161
3324
2409
3848
1697
4815
3260
5904
3857
9663
9509
6905
3635
10040
1268
1616
8793
7975
8114
1854
6886
6207
5263
6033
1104
4906
1739
2409
2496
928
1538
4353
5187
2589
5904
605
9717
9985
9860
3869
560
5140
1304
7833
9448
4023
2606
1938
9919
8160
3908
685
3375
1882
3567
285
307
7342
9919
2361
2196
4753
8384
4810
5195
4251
7873
9308
6097
9265
3324
258
7525
8413
5504
2263
6756
4789
8384
4799
3724
3844
853
8092
1963
7472
7960
7189
6945
4251
2196
9950
8179
5141
7878
1786
2241
9926
7003
4251
5904
7701
6645
3497
7283
3557
7374
285
9219
8304
57
4917
7525
3497
8092
6182
8413
9760
285
7189
381
5518
4251
7948
7953
1241
4440
10021
9985
285
1336
9132
4789
8475
7048
9940
1257
1882
561
7960
169
7048
6078
8895
8833
1615
7569
2097
22
685
4650
2007
198
7048
254
4881
4799
3632
5741
5203
8092
7975
2409
4369
8728
4258
8160
710
3498
7727
4251
1257
1850
3908
584
9016
10224
451
1422
1739
8384
6078
8083
8009
4084
7102
5383
4164
7151
6743
4131
285
7061
7309
1460
5263
4603
9054
2583
8293
710
3157
7313
4681
2947
3497
2097
2683
7196
3112
4870
5844
386
2703
9767
337
5180
4928
5893
2854
3323
6104
1181
285
8683
6966
1882
8825
1065
694
5718
5812
7102
2409
4771
5577
415
4714
297
710
8683
1387
7897
8659
6207
2471
2255
