5648
9432
2969
5016
845
8639
114
9024
681
6140
6878
7562
6640
9608
7234
1783
5476
2023
4818
2871
2169
3362
6579
5401
2563
7314
8629
6998
325
6997
1676
2663
599
967
3045
6271
6049
8652
9831
4823
4230
2309
1948
8187
8212
3746
1684
3606
525
8616
7658
1032
9860
1819
7749
1942
1928
4921
8382
2863
4046
8882
2453
3346
1138
10037
8367
3648
8313
386
406
8796
8292
5460
2400
1763
2143
9110
7803
4303
8014
3881
9550
8001
4159
9057
5971
3348
7628
3311
6224
5062
9100
5294
262
7297
8559
2685
10065
9846
1978
5956
6507
136
1898
1278
6459
7251
2
8726
6444
2191
3373
8194
1357
2655
5257
635
2989
9162
5139
1199
8547
5219
9495
5795
278
3351
497
6851
320
2217
2875
4398
4985
543
4109
5451
3350
212
5176
9243
6999
4558
2782
9148
5295
8739
977
7665
9213
9967
21
2462
1058
7994
6986
5098
4696
9686
9903
2108
4998
284
9034
6598
3431
443
7252
8942
3741
5611
1862
9611
9055
3310
9417
7704
1390
8221
546
8837
1972
7813
8447
5749
2246
956
6423
6453
179
2241
2065
5556
670
6682
7524
2495
4610
6175
7377
3778
4917
5708
6697
5576
5565
7511
7494
929
5312
5940
8059
3788
3435
8851
7837
4020
1442
110
3523
4282
9995
7458
3626
2975
8320
737
6950
4505
8110
5954
8147
4920
9883
8484
6777
6026
6389
1449
2721
4564
2697
1434
8539
1654
5142
6014
7254
2919
7567
955
435
3725
9150
8768
9664
6430
1665
6256
7607
6016
7354
1419
2868
1829
7438
6457
7147
8828
3900
8011
3633
9436
7064
4183
5819
8271
4439
7028
5547
7745
5261
3474
7324
721
5453
6705
4803
190
1980
10160
4250
28
922
1995
7786
3294
7482
2681
3354
7802
7172
8785
8954
2573
4216
4885
6202
9914
4310
6448
3405
8930
8551
2636
5233
4745
5435
828
6841
2928
6445
3432
9386
3028
2091
5623
8519
8114
5783
2362
5803
4852
3953
4347
2239
3076
4232
1649
6368
2658
5461
6523
7290
8810
254
2331
498
6863
6684
6486
7096
8699
8291
1105
9458
6839
560
2712
1458
2544
4274
2929
7441
2477
5782
9309
9136
6635
9592
8063
1149
318
3233
2990
6673
3643
2790
2485
6563
1437
4254
962
2013
9284
9560
9221
193
606
8375
8378
6432
2984
1608
317
1392
4107
4260
8333
5455
6958
2733
4386
186
3199
3466
941
6617
1350
1386
408
7262
1273
4643
1162
2229
3511
7475
9665
2107
6022
5766
394
7223
6116
7982
1046
2973
8458
2591
3545
5470
7116
3622
3002
6551
5422
8545
10008
9216
7337
4817
8822
7966
2340
3734
6147
4858
4397
1237
4097
4457
6289
1883
2173
2417
2202
2600
6172
1206
5020
7515
9445
9598
8850
1850
6510
9111
3071
7089
6482
4968
18
73
159
529
7469
7245
1793
2115
5045
9538
7738
9207
9768
5773
9304
7320
6143
6274
4879
4301
3898
2535
5310
7685
1833
4640
1
1134
2851
2000
3639
2471
4152
4894
3137
3036
281
5391
8779
4217
8337
6767
7113
2931
9325
5111
4993
569
9877
6642
1336
8705
1520
9912
1809
8421
6130
7933
8356
2650
5978
7410
3027
3779
7231
3835
1179
7609
9346
1561
5386
3434
6674
861
8661
7233
5283
6596
8787
1627
3342
8274
441
427
3302
877
3786
5953
1622
6497
1255
8244
4701
1589
1899
2353
3614
1598
676
2639
2912
9291
16
1008
6421
4989
2429
7678
10224
6247
242
9898
8770
9939
7008
4624
6322
1018
5688
7145
7644
5079
4750
3980
4248
5078
6182
6280
4187
7205
2104
486
1148
2230
165
2840
1416
445
6501
9462
4628
1000
4826
7273
7908
6378
10044
8235
5570
2125
6166
668
6974
54
3592
566
1401
1285
9984
1402
1650
8151
5600
8929
7445
8164
1488
3653
3632
3723
7170
6053
5987
9361
6472
9823
2818
4793
2520
2534
1029
1257
6847
2734
6408
2364
8630
8524
2816
2428
4990
10183
848
1839
1667
9974
1689
1823
4562
3771
4205
8258
9493
4619
7415
9310
5264
9618
9767
3498
8657
7517
1535
2908
879
5210
5871
4471
4867
6018
3308
7455
8174
1172
7362
7313
4714
7168
8032
6282
9804
9605
5621
4574
1652
10170
5729
10072
4949
10055
3529
6802
7196
7710
2256
1389
6008
3189
449
6230
5250
102
8423
6852
6157
6346
1686
3412
625
9586
2160
514
9306
4358
7088
4355
4359
9632
5006
8455
588
5698
2268
2501
880
120
3896
10213
7844
1766
742
1270
5844
9929
426
2476
3588
10042
1191
7204
3618
9255
7159
579
3557
3945
10080
4912
1394
5428
7214
5190
7756
4110
9353
4699
7366
4791
2332
2413
600
3440
8967
6905
10124
3551
4401
2216
7581
7220
6960
6029
5754
716
7289
2008
3985
1879
9878
6901
5917
6078
1799
1417
1677
5550
9128
1335
3145
1195
5992
685
2073
9013
1711
312
1824
1735
208
1207
2164
5624
4573
4348
7869
6056
5095
6637
7682
769
9500
162
8777
1464
4877
1605
5748
2952
7608
6861
8246
1923
5326
2376
1512
4349
6465
972
966
3378
6253
3075
961
5443
4023
9317
9379
3994
36
4220
10047
5267
1038
9486
2153
826
5140
8252
8441
6634
7338
4075
2443
1118
2755
1205
3668
9517
2880
1529
5680
9798
2531
5615
8587
3865
10145
1215
2328
9994
3745
2243
3203
4101
8697
2803
4255
4191
9356
9621
2058
8386
4360
2776
1688
3421
8376
438
2793
4063
3338
1801
3489
6660
9427
7702
9813
255
3124
1055
6385
4224
9814
5125
6285
2354
5918
7748
4283
6989
7375
4547
4931
6409
7962
9873
7174
9978
9483
7218
8207
2275
9802
5447
2222
1698
286
8342
4022
3596
1544
3329
5475
3100
2860
5769
4141
6526
5734
8678
6833
3117
2950
855
571
6052
10066
9922
8672
7182
3272
2739
8202
4082
2258
1294
4794
976
4006
8888
5413
6882
7138
7490
8917
3617
7193
8911
6362
9159
457
5855
4365
7582
3209
6310
9043
321
6126
3103
1873
1104
9087
1101
2682
3822
1240
3658
7148
1661
8175
6303
9866
2253
3420
1519
837
2168
8887
7265
8880
