7858
3333
3221
8741
991
5296
2297
6390
9980
8863
9869
2506
6148
2060
8244
7975
9503
2871
2428
699
8857
7259
4008
4555
5530
8534
49
641
10119
9506
1464
7735
7789
7144
3679
8906
9890
4069
7323
8517
6766
533
4230
5895
8308
4955
1299
8393
2438
6434
9054
9602
3989
3991
6880
5156
1933
1836
2798
8059
1823
4296
7602
2819
7579
3760
8435
4784
9128
8487
1334
6586
5079
8706
5001
1383
1180
2263
4388
7715
1660
6134
9686
4424
2204
8104
9697
7377
2843
5448
6464
2634
8181
4459
5724
2344
7363
1613
3218
6808
9587
8513
8077
7354
5557
3317
3347
6512
1351
1807
794
9823
8476
410
1835
3963
2797
6213
2384
6269
6191
2166
1653
480
4149
5693
2784
5591
10109
2552
1616
1280
4432
4843
1501
5130
4365
273
8012
125
9795
6082
6601
7856
4596
6243
9028
9889
4983
9636
246
519
4991
6229
8152
6817
1672
7314
6892
6643
2073
4514
8230
8643
7333
10065
6068
5786
4999
1014
905
6774
239
836
1930
9015
9146
9783
4646
3189
2986
6351
5112
6241
9520
9818
711
4638
9310
4753
8604
6206
7347
3057
8482
895
9989
6000
4121
2510
3858
8955
5739
8082
9612
4985
6182
7489
7071
1404
6548
5183
7732
9183
7627
4278
5502
2182
5075
6428
6834
4216
33
1551
4740
7028
7592
7015
3068
5927
3918
3860
2532
1728
8820
2468
8891
8271
4530
639
695
423
2764
9662
2702
2314
8266
1996
8245
7944
7921
6881
7309
1457
2937
9320
3496
8375
2529
7140
2011
3629
8979
5039
625
1077
6394
2822
6894
5418
9139
2008
726
5018
9101
3620
8117
1994
8452
3251
5223
5295
7971
6374
6875
6920
1907
7785
4474
730
1321
5468
6484
39
2002
7950
950
10151
4528
4154
8848
4743
8833
4330
4110
1960
7217
307
4499
8356
9055
535
8522
5308
5164
1842
4288
2486
2067
949
5385
500
8688
6372
9677
8789
5040
9934
773
3007
7065
5132
199
7738
3440
549
5003
1632
9951
474
8856
8218
9340
9822
4588
416
3552
4360
771
5716
8673
9896
3153
3123
3148
9066
1940
3693
3373
8221
4465
6618
684
5886
513
1815
4219
5091
2266
220
4074
735
4209
9543
368
9765
8917
7301
7798
5152
717
822
3225
4200
1281
81
1304
9042
2226
7773
8113
1974
6065
10157
8940
8328
8620
139
930
2337
6819
689
3736
8561
2514
6789
1762
1560
8161
10081
114
3282
154
9058
806
8033
5234
3268
5663
1282
8499
5573
9944
6942
894
4729
7355
6746
5381
6119
3487
4354
9369
7382
4565
202
6831
830
4085
2992
3345
311
7854
591
619
261
3025
1021
3780
435
171
4041
2080
5056
3082
1485
3529
5579
400
2250
4640
1287
9500
8806
3674
2844
7064
5755
10147
6991
7361
6418
566
9165
1751
2208
6345
529
6419
7421
9280
3639
1233
4676
1657
4269
9432
9363
10086
447
2173
8515
5835
8990
5397
4965
1919
9107
8565
1422
9086
568
9553
4467
661
7791
9450
9709
1522
3938
5407
3652
4917
505
7938
609
8262
3366
7135
8984
7276
1020
1047
4104
1031
2023
4595
6067
8418
1041
135
5373
9081
5873
9084
6809
2370
4573
7520
8546
8453
7842
7039
7109
10186
6556
524
6655
1475
6609
7792
6471
3419
9887
9012
5560
9492
8507
9147
5013
2875
982
7019
6211
3494
9105
1615
6640
939
1482
797
2675
8912
9319
6889
7072
1993
5558
7181
5038
7089
4357
8038
1902
6384
9865
4101
6704
8371
7113
1193
1053
486
8872
8172
4754
2556
4381
392
667
144
4566
4239
3493
688
534
5900
388
8301
133
9305
160
10126
46
725
9312
5625
3430
2227
4990
6600
8234
2257
5136
9163
5400
1402
6623
777
9327
1575
4624
9637
537
9109
4801
8066
4912
8085
3106
2569
7746
3601
3483
4414
9791
5412
7077
7968
2207
9295
2876
4885
2381
1741
5803
8862
5487
6333
6605
3283
7629
4029
2602
9436
7945
7607
4438
9851
5727
7448
1175
6449
1339
9443
1297
8773
6475
5999
1017
394
5445
5110
5422
914
8692
4132
1128
1473
6697
7502
1647
8943
4068
4106
8387
5258
3786
4061
2372
3874
8046
4549
5549
8377
3525
7564
6918
3256
1207
3089
5335
2885
8596
9590
8811
8005
5465
7073
3850
282
5203
3163
7656
1469
6790
5941
462
3955
2149
6097
8434
45
8239
5008
8173
960
167
6373
295
3544
6370
7266
10028
5408
4869
8991
7036
431
1243
1291
8428
96
7565
2043
3267
6223
6585
4091
6094
10012
7059
7711
5123
5169
7719
104
9954
2972
551
7038
7279
602
8527
4426
5299
1189
5436
8031
3294
10115
9512
3091
2551
8441
4214
7117
3999
1201
2579
4502
6284
4156
4224
7173
1813
4443
5392
5281
205
5771
9598
1976
194
1901
3665
9452
4845
3635
2361
5576
9994
5559
5070
6570
7132
5536
2296
7326
7616
6454
5732
6784
5548
7638
4390
4168
341
1025
8852
8149
9164
3309
9476
3200
4206
3725
7659
8282
2942
2804
10197
7788
8093
1275
3063
2513
2429
9982
4159
5981
539
9433
998
8343
97
8601
501
8159
9762
3763
2260
5341
876
6315
994
9525
9349
5735
2119
2106
7145
2846
3278
8744
7185
5002
8184
5915
3212
7900
5386
9785
9266
2163
7949
3865
10030
8116
9828
6054
8598
4545
8817
3060
2431
5692
4621
6212
1545
2954
6738
9013
2423
5338
8557
7577
676
5926
5117
6386
9009
8313
8760
5074
3244
52
6650
8998
6755
40
3052
6531
7912
3270
2104
8364
6011
5460
9199
63
5989
6145
5967
9542
9156
6551
9384
8661
1043
3540
266
3466
5718
8177
4062
2728
2161
3719
2696
3020
8246
7215
9921
9393
1366
7961
34
8880
10053
5634
1857
9240
1858
2020
10078
4526
665
4916
1438
2933
6299
3098
4445
2984
8121
5493
4237
2684
1802
5380
4362
10218
4935
5681
8778
5288
736
5746
7416
4953
2021
4056
4508
1493
2542
1492
965
6293
4064
5201
2081
5657
4654
5450
244
9216
156
5521
8753
1559
1927
1897
9160
2958
5823
2128
4498
5734
8582
1274
9006
3681
237
