2083
1452
9551
3816
4257
3219
1952
3794
3599
1192
7575
8270
3955
8223
30
1195
4742
7711
1201
4349
2095
8285
7058
2406
8612
8279
6346
6173
3708
7685
908
775
8496
2051
6577
7336
4613
6731
7339
2310
6589
5790
5294
3560
4523
1536
9991
7774
6341
2329
9636
704
7536
8215
7527
8302
5583
2686
6046
7478
2345
3409
4817
7735
4490
519
1382
269
5471
7234
8154
972
9594
758
3243
5816
4216
8595
8780
5680
6541
516
1783
4017
9652
10226
3630
6508
9
1170
3049
525
2681
7710
2196
1870
5326
9912
9488
1624
1829
9575
5844
6736
7628
2848
8837
9838
5690
6910
5836
953
7458
8865
7502
7164
1338
2061
1162
4037
5486
8611
9707
7413
6602
2117
2721
7655
8973
10121
5289
3403
9595
9936
2740
1882
9044
8132
6874
6706
413
1972
7696
227
3865
1207
1111
266
8997
54
5258
1984
4806
2234
8771
4050
861
6990
1233
2009
98
8195
373
7135
4224
3072
8894
5595
3477
359
7604
725
1904
1526
7549
3643
6614
3280
1017
8688
5415
6827
365
7787
165
1458
1795
3790
2444
6096
4020
7528
11
216
7903
657
4104
8044
9098
7890
7546
7364
4708
1141
6868
6492
1577
9167
7462
3977
2996
4530
9372
8536
9181
5340
5236
3335
1218
3856
1927
4798
5882
3140
6581
3379
8721
1364
7924
308
389
84
646
9873
10071
4012
9028
585
6133
981
1966
9654
3893
5513
2489
994
7795
4200
7294
6717
7911
9985
6218
4916
8318
3370
7015
3654
9388
4811
1740
1025
5310
7180
1691
1305
6558
1520
4300
6529
6583
3954
1412
649
6873
7256
7914
4759
9891
8005
9257
7797
6708
8353
6766
6139
7949
6116
9033
5110
1890
7758
3160
4000
4046
7955
10224
2199
8576
4152
9781
854
188
8284
4975
1159
132
4030
9218
928
5510
3911
7819
1954
6970
4076
8221
8712
1380
9939
5468
7380
8171
7841
1136
1215
7898
2658
7691
9452
2414
3688
6585
6539
6090
9830
4734
10089
2904
1168
9906
4198
939
6110
3088
8883
740
6303
3402
2006
8050
7671
6657
3994
8338
998
6893
3460
5221
8505
233
6563
7865
7481
5732
7335
3619
1797
593
6188
2213
2141
774
6733
10179
1517
1777
5483
5026
9581
793
6976
951
7709
3850
6301
3627
7193
4612
1826
6969
5408
8395
4620
948
281
6498
5560
2661
1762
2993
6349
321
2092
56
3673
3698
4108
7075
491
6404
7720
3343
6715
1357
1268
10009
3505
259
9335
10142
940
8360
5145
2945
8718
2865
5493
8861
699
5296
2080
7215
3165
1341
9528
1258
3362
174
6530
1771
3857
5860
816
7747
6294
2107
10080
1634
6062
1950
1764
2886
3262
4385
8417
5746
5443
660
6592
942
8915
1244
2817
4100
903
3416
3753
5170
7279
4968
8437
4976
4878
9075
8538
10099
1656
3549
8233
7852
2632
9541
2651
8772
10010
4951
4254
5906
7491
6685
3104
9627
7613
1646
295
5653
4069
8075
894
2788
860
6158
3608
9904
1896
1413
7241
9676
4451
4994
5803
5568
4155
9962
6276
6573
8194
9426
217
2663
2937
4905
5739
9420
6273
1497
126
9285
6819
205
572
7013
8080
4179
864
2572
2826
1464
7211
7951
2751
8635
426
1131
1109
7750
4045
6682
1800
2796
5736
7749
9055
2445
5035
5128
7771
9275
1395
3970
10193
1055
8645
2602
4762
4551
5822
4961
3700
6791
9178
8225
7620
9131
4722
9164
221
8384
67
6943
1816
8770
2928
7227
9863
1347
1939
5939
5333
4182
3819
3126
3093
8240
2810
4941
1071
9900
6630
268
10020
5562
8508
4249
3704
2486
9682
2784
4324
1246
3237
10021
4501
7061
6329
5165
7416
304
2843
2434
3286
4771
6407
8320
2553
1531
534
1394
4728
4855
5385
2155
7379
7122
4035
3418
2361
8834
1637
2867
9216
7936
5487
1214
5178
4894
2008
5459
403
8752
9918
2127
2174
3517
8476
6907
3047
1749
4049
6162
5713
4890
5147
5312
7938
5144
8180
1128
1000
4943
1103
6936
879
3267
6722
6201
1153
9148
1358
5698
9678
7610
7453
6180
8188
2921
1375
4011
10205
8777
7570
1134
1805
7775
4882
2202
2535
461
9673
8079
7221
3355
3331
4538
9721
6099
2873
4653
9999
3606
2778
697
3869
102
8029
7274
9839
795
5535
4400
9629
5368
7828
4879
4060
131
7278
3392
2129
2265
2136
7783
2880
7817
10239
9211
4214
4838
3041
173
4262
5426
887
8806
8374
1372
453
9776
9272
6607
8345
7515
89
5412
7693
9230
4546
152
2340
8012
7425
5769
6885
3247
8369
10103
9020
2293
1477
3317
1287
5282
3510
7002
710
2636
5331
851
1576
6604
5665
64
5063
7494
7009
7640
5180
6743
430
9147
5797
2763
3651
10109
2974
7977
1236
2465
7329
6041
8368
6987
6420
7726
8892
8659
5315
8656
6837
7197
1770
1597
4627
4240
4899
2953
53
10177
120
4918
9134
6894
8212
4677
7668
6430
8582
4065
7049
4434
5913
5441
8825
4330
5640
9564
6668
9614
5770
9855
6245
6637
8667
6166
543
3992
2050
8926
3056
9529
8765
2682
3702
9085
2941
9232
4526
6400
3318
6569
9598
5329
1760
6843
9946
8272
8026
3305
582
6857
9888
4720
1630
4685
9925
6804
115
3536
8719
8963
5018
9737
8909
2232
2450
5936
3246
204
2216
6328
5449
2722
9892
3222
8502
7060
5246
4125
6190
6358
1354
7113
8478
5967
6981
3201
9789
924
8636
342
6789
4246
4763
2443
2615
9489
899
983
2224
1148
2215
8563
7901
5815
8386
3820
5989
1492
362
5004
2918
7068
7842
9920
3008
7391
2297
10108
3454
10211
8164
4939
32
3591
3270
6711
1731
3713
6996
1983
7770
7251
5061
1842
235
3109
8801
5381
2214
6461
2507
6916
9487
2594
4170
6278
3105
4310
3658
9667
5317
7522
3420
1304
9835
489
7674
6599
10054
4825
253
1709
2829
801
8310
3667
9101
424
4539
9283
9951
8294
2537
6351
4209
8571
1402
10055
1232
2005
3552
5980
6999
3735
1479
4713
8587
8501
5888
7318
766
6876
265
2437
4431
6386
390
7695
3934
4407
4519
3347
2103
