5786
8740
3185
4579
4310
4719
6944
2255
5595
9999
9392
8124
10038
5885
4360
1759
866
1565
2016
7331
8148
7323
3760
663
6568
1097
7230
8217
2664
6970
5178
5867
5527
2103
809
7151
8062
4057
2114
1789
5217
8439
4820
9238
7238
248
6892
283
4575
6722
5525
8850
9969
2522
9767
7661
4152
8431
4673
243
3943
6577
6455
1310
1962
3154
8241
1131
8227
2771
1600
9673
1038
6482
5973
4730
4289
551
8309
2871
9931
6974
1421
6638
6347
9770
516
4473
1880
598
378
8152
7145
2479
7786
10195
10211
3593
5443
6587
8054
6670
6077
4128
8936
5334
7862
4423
8777
3509
8980
3663
7092
10121
7668
7076
1132
3356
5034
2907
2406
8788
1369
4349
10125
8810
8668
3530
5676
5953
7387
8767
3387
3021
9477
611
8018
1485
2487
6628
9581
1577
1071
6726
191
704
6954
7947
7566
7995
7482
3683
9128
1403
9327
6320
8286
9923
7147
6854
6190
3041
9317
2640
8971
6135
186
5686
2936
9719
2453
7586
6235
3677
9432
1780
5949
8458
3730
9191
459
8065
1734
4631
7686
7593
8565
5365
6802
5283
705
348
1027
4052
6439
8293
674
449
1811
9932
8371
5948
1604
4108
2451
1815
4121
3520
4375
693
1679
4669
6528
10058
2404
7117
1106
3337
4519
597
5286
1219
8686
8381
3200
5782
2705
5369
1305
6604
5618
6015
6943
6898
9652
9819
6624
4159
3484
1615
5137
4760
1593
5018
5098
9019
4642
6383
1010
7952
3537
8728
7084
3430
8692
1798
5423
8906
4625
6201
3773
7679
6330
4698
5380
5060
5583
134
8300
4554
3573
8492
7690
6649
9980
1354
9355
4982
9825
4667
1712
3857
3264
1363
59
1339
7555
5514
4212
9210
3344
6001
7677
4019
8032
1125
2416
9228
8675
498
648
1069
527
6872
7296
957
5528
1837
9450
3308
584
10055
8118
7159
2692
9619
4217
3748
933
5285
8076
742
6371
6380
3742
1103
2811
4920
6372
3764
1236
6778
5684
3561
3924
3991
8123
5031
3905
4255
5819
1425
7012
9710
6281
7093
6030
3977
897
3483
6695
8832
5465
7033
3961
6696
5964
3739
5118
8283
6392
5522
4585
9891
2225
9273
3395
4378
392
2142
8036
6803
7141
7549
4476
8096
4586
37
8726
4080
1527
8995
3028
10020
7851
1982
5313
1086
9745
4211
588
7535
6338
8785
9342
9527
983
6364
3447
6038
7185
221
5579
1677
164
6023
5778
3046
5667
7456
7707
5237
7953
9940
8587
6022
1216
6301
7101
9084
3031
1920
9713
4038
4175
7137
107
6546
4970
3784
7450
8573
4490
2748
9554
4517
844
7286
1234
4187
3716
3121
5728
9500
2520
7409
3515
6313
797
6200
6396
2192
4446
3824
5188
1907
1168
1670
5016
1518
4737
10170
9332
3417
1625
3873
3702
6718
1148
8455
5729
4163
418
1751
8107
4523
6409
1444
2884
6540
7699
3550
2922
4333
7270
2833
1925
4641
7082
3921
5557
2328
6356
700
9942
6440
6971
8918
246
8
9300
862
8114
4676
2028
4929
4504
3544
10194
5394
2430
4656
3075
6089
6115
7021
1077
5675
3956
2030
3953
9769
1821
8012
3608
4216
7651
3180
2396
5518
4063
4414
8734
74
8463
1766
8837
7167
2539
4142
9634
5826
8428
9071
6483
2649
2108
7922
6863
3331
2863
7775
1980
8194
7253
4495
2232
8409
5014
1700
4368
5109
4710
7540
7614
5187
3604
5305
3460
2713
311
6240
3416
7126
2655
8106
6275
8125
800
1245
1435
5875
5791
9597
7345
8819
5866
1904
5788
6192
129
9694
6631
4605
998
7202
9879
466
3310
1574
4261
6106
1940
474
48
7318
8353
6552
4084
7382
1361
5252
7820
71
587
2602
8791
3892
559
603
137
4340
2469
1694
2213
3611
6317
628
3145
8683
10057
8088
121
3441
6578
7346
7888
7237
2668
1130
752
7426
2940
691
2601
336
4620
4592
5029
9524
9431
7416
9835
5685
4831
3718
3212
3301
6902
8656
9022
193
5726
1496
3658
7974
184
3162
9837
1603
4630
6040
7089
4557
8427
9525
3691
10117
2581
3913
4525
3932
9636
3048
1312
1801
2873
6103
5790
5083
7222
9245
5277
9532
6866
972
9671
5758
2191
2621
9162
2770
8129
4065
5000
9727
1347
6586
364
7911
4270
7266
8364
6064
491
9323
9975
4972
2547
92
6721
7994
6274
5592
5163
6906
10154
5905
5805
8681
1065
5008
9086
4740
3849
1114
3624
5411
3126
997
5863
6529
3446
2461
1036
9712
7001
7859
6500
2183
9312
6433
1564
5403
8240
3073
3275
8448
6998
952
8900
334
9626
503
2967
332
6427
6923
2969
586
9455
3285
8027
7282
264
7165
5886
5926
6279
389
5596
8061
9141
7115
339
9226
4807
6953
1365
3399
6973
9874
9517
8466
3360
1023
8748
1997
5870
2356
8398
9439
72
7754
4232
8484
609
8998
1332
9073
624
8702
7449
9995
1414
4516
8676
9947
8577
7882
4405
880
2544
56
5135
6839
5588
2629
9567
310
6664
9649
8687
7751
8564
8421
372
1696
9539
1458
6073
3500
4458
6025
8112
9642
2223
10034
7706
9876
9351
2934
2420
9696
823
1939
483
8066
5021
4320
9149
5301
7570
9280
2659
2625
7097
4555
9843
1799
733
9550
9001
3804
3093
7590
2477
5773
3551
3276
1716
6527
88
8348
2294
4419
5289
8710
4838
7129
2847
2187
6674
9281
4818
4161
6212
4781
2923
9150
867
8594
4534
1109
9684
547
3816
4276
4531
5671
5051
5476
7830
9887
7903
1854
3982
7203
8386
6922
9115
1994
6729
3529
532
2534
9997
9777
9629
5126
5234
9100
8983
747
1278
6407
9736
9678
2536
2144
5419
8292
9018
6885
9534
889
4598
6585
637
7684
7381
5027
3602
10124
21
232
7045
9614
7556
4283
63
5698
492
539
3166
7413
5861
7248
265
7687
3079
8754
5068
6532
7199
7603
4812
26
1257
4230
1441
2987
3169
4497
6845
4472
1311
9502
2888
8110
4257
3682
8187
6194
3728
2390
141
6573
6851
1291
6985
3996
3719
2097
7940
2222
3293
6349
9163
5402
2950
4203
7790
4809
8068
2823
8869
5329
9512
8690
5150
4645
4267
4962
