2378
9923
1713
7311
7942
4521
1725
1007
6773
6434
3891
8584
7912
6496
8504
2564
7666
1171
4222
8450
6601
10203
3595
6924
7134
5505
990
5400
3109
1151
5362
8906
4931
9979
2919
8292
9580
2558
10161
825
5137
4908
4183
8980
6136
1392
962
3759
6047
2753
5334
5882
2758
7595
10140
1930
7398
94
383
6813
1317
6581
842
5135
8366
8328
4359
3529
9776
862
6239
8021
7119
5858
9823
3283
3280
2853
3661
3292
9775
4655
2557
10197
3479
661
276
5644
6461
522
6775
4534
4877
7437
5636
4102
181
2617
7402
9481
8795
2887
2459
6329
10134
9824
8718
120
845
4085
4363
2169
1307
4822
3414
5147
9305
3822
4946
4786
6777
5366
5790
3697
9810
9009
4707
579
4225
5517
7933
2290
1981
1711
697
4766
2862
9909
5553
6909
2053
6557
7231
7908
8863
2501
5754
9453
699
969
7810
9476
4284
8997
6089
803
2410
9253
5894
6277
3176
5962
6383
6373
1630
4965
7027
6478
9095
21
9241
6858
3933
2765
7112
2265
5440
5679
9058
6997
7621
203
5267
2168
7053
9404
1647
10167
7844
4286
4783
2248
8616
3862
4575
8471
1907
1825
1109
385
4996
5043
1644
6789
3612
6551
8428
9648
1346
8298
9709
2868
2475
3464
7013
6194
649
5335
1950
4880
3242
8596
4399
104
4909
222
4997
3058
756
3790
1724
9787
4497
1849
9794
8376
7704
6480
5960
4110
10051
2810
8034
5868
2385
6652
9833
6118
8081
8109
8888
6685
5143
6880
6596
2256
1851
657
3520
9197
3243
2324
8812
8119
7353
5156
9267
9325
1398
207
6724
9003
4116
6029
944
7384
305
1781
8996
468
4118
8495
4547
105
7252
52
3835
7084
2903
3793
2693
2282
2609
9133
1444
229
2771
382
224
7870
9359
5026
5408
1889
5430
597
7106
2034
4740
7122
2373
6354
6242
5803
7296
9594
1420
9976
7847
1478
9734
6338
4545
3494
5399
8341
6784
8619
5401
6554
3124
3090
6957
4106
9408
290
974
1733
2949
6414
3561
3605
7872
408
8458
3803
2811
7001
3745
5345
7750
2109
7029
5214
2440
8057
7248
7022
8470
1879
3151
3678
9639
3273
265
1701
2698
5414
1368
7459
9799
3025
537
2485
4648
2383
3417
7004
3521
3454
4830
3834
2099
155
4889
10232
8885
3388
7369
1021
7464
8094
7238
7275
7433
4140
1846
1310
8555
6362
2394
9206
5824
5609
5579
7158
6148
2001
1196
5170
298
5294
5386
483
2584
10107
4212
7202
6620
1456
5422
694
1218
5648
4994
8295
7938
943
6349
4310
4814
9598
1342
7596
7041
7742
1629
5011
6244
8782
2685
4596
741
5152
1623
8664
7738
2316
2234
6292
7915
5034
5686
9295
5760
7264
1681
811
2159
6224
1050
2478
4774
4530
6818
10178
8651
9997
8206
6674
5180
505
7056
1185
3525
1395
5876
2890
306
8163
1049
7430
3018
8620
1199
9356
7646
9237
8397
8806
4010
7049
5916
3200
915
3700
10103
3643
9223
5591
5029
2880
8120
9137
1234
893
4040
5871
7593
7358
5000
3590
2904
148
5525
1813
1634
9331
3125
3547
6770
6941
7766
9151
3402
8045
4807
2212
7833
543
4360
5799
3765
9033
336
2552
5279
7695
9495
4213
2255
2751
289
6923
3056
9691
4974
10045
1408
10119
2096
7245
3049
584
6219
4416
2047
6363
4539
1381
7678
5619
3269
260
3484
6707
2401
4131
7157
6930
8435
10128
10191
2838
5699
4788
4710
2145
8387
754
2217
8792
1014
2074
9558
6266
2914
7948
2640
3906
6580
9219
6250
6999
3377
10233
5319
7055
602
5129
882
7179
5912
7901
5688
9387
27
9463
9551
7077
2928
8448
4681
8938
9884
6345
683
3004
1965
376
5373
7512
2433
3619
1587
249
7683
5241
8363
1841
338
9746
1843
6886
2420
6528
5919
9725
4460
2376
1176
1169
4615
3335
10000
4316
829
7734
7958
7790
1800
386
5142
446
1356
9344
9210
5844
7424
6771
549
2289
6141
1500
1603
1141
4733
9278
341
6690
6917
2659
10040
10032
10190
2573
7623
5165
10139
1121
7060
2845
3201
3896
3256
9010
7914
8886
6863
7658
4177
9337
6483
6825
855
5545
8431
7443
17
1348
5031
9936
8500
3757
1052
1467
6534
4553
4631
3053
4334
5140
4229
7947
8352
6446
10222
7820
2215
10036
6916
7680
7307
7244
8815
4762
6682
2869
1844
979
3158
9646
1072
9616
2917
4629
7261
1064
6546
4523
2648
304
2650
5426
5030
1235
2408
1056
437
745
205
4760
7090
2443
5443
9060
860
5224
6198
4780
4679
7893
2180
6683
1249
4008
1027
2571
1272
7104
7387
4782
1304
241
2975
4571
4639
6121
5396
5776
9948
9192
702
8890
450
189
2260
878
857
9246
3707
9774
2195
8974
6710
5218
9992
8608
3362
1127
8150
6223
3651
8038
8665
9701
1095
10087
7389
8800
6145
1770
5191
488
4703
4849
10035
10163
8231
7888
2492
6796
4240
214
7684
2549
3688
8336
6986
3626
8198
3263
9105
4544
2599
3977
8746
3738
8618
3631
5620
4452
2885
6811
2509
1676
6563
3838
6972
6449
10136
8129
1533
7333
9509
3468
7120
2918
6040
2912
2607
2297
1667
547
508
6012
869
3134
422
1827
2954
10227
3244
2411
8149
8829
7859
7067
2618
8158
8342
8096
7826
2345
7125
7006
9753
7653
161
5941
5256
1431
2553
1798
1013
7366
3721
5562
5232
1363
1205
4408
6663
6144
395
7497
1159
7442
7346
9700
9432
5307
424
5758
6271
2199
42
10016
8737
777
3066
2369
6057
2343
5928
2569
7417
160
8496
8160
8086
6705
1853
9107
2791
7598
8127
138
3357
9661
6247
7123
4567
5953
8430
10023
8731
3190
7973
892
4750
7397
6443
6364
261
6668
6856
8454
6096
8838
9284
3364
2847
2675
822
8928
7393
3966
6491
448
4309
9523
3037
7527
9440
3474
1115
9302
244
4989
2515
1884
8369
1319
8062
6404
4851
4413
5221
8350
7807
1807
10011
6081
8595
1805
5490
7236
6836
6122
4091
6067
5295
1157
2907
8867
3942
4442
4250
5999
4840
8995
9763
4320
5593
8128
9239
3274
501
8569
2513
3648
268
9004
