1337
562
2557
7300
6458
5875
1640
8855
5865
4468
5088
4986
8990
7001
6108
9004
8823
6914
7511
5100
4883
3105
9767
9739
8752
2819
5681
1648
5628
4702
5561
218
8007
2876
1032
1359
3549
1772
6491
1803
3174
8289
5834
146
620
222
5968
1895
3706
781
7
7954
5208
852
4597
5789
5386
1452
8497
5861
7278
3700
171
8526
1034
3004
6447
9947
5148
7530
3693
1812
3843
3260
4415
9089
2126
7872
10151
5382
9571
8895
9010
6644
1653
1925
5358
4350
187
2862
2644
7610
8935
4655
4613
5766
7945
3137
7529
387
7543
5952
3411
9476
4784
4508
8147
6822
2435
7340
9644
7856
3495
1716
5508
5272
1394
3225
590
2119
4351
9763
4244
9363
7992
6539
9441
7265
2567
6483
7372
4286
5854
6764
336
9456
9431
9479
1522
6261
1294
7644
1449
9503
7616
5586
1926
6732
4143
10125
4811
2107
1869
3126
575
8749
3762
3339
1055
3471
2254
3135
7789
1003
8711
4928
1944
8764
6584
3193
9918
3996
1281
3322
9244
9450
41
8646
8184
3711
5623
2616
2543
3747
7834
2956
2785
7421
4610
7021
3716
9509
2351
2067
1510
3071
9230
3182
3138
8379
3047
6238
4046
6042
2028
460
6488
6262
9493
10232
8870
9462
2690
5384
9214
10164
5970
5217
7637
2849
10023
8206
7888
4306
5041
5748
9987
1706
217
3826
3431
6683
4282
8175
2360
1135
5933
1913
9474
2357
8054
1375
2270
8011
8681
10035
2533
138
7786
2062
6886
4929
8363
7191
2932
9235
7113
4762
1585
3602
6595
4443
1257
2290
6968
433
1027
5008
5478
7798
8001
5466
9679
3335
8851
3966
7427
6507
812
3107
8601
7971
7294
9923
4394
5575
7972
818
8096
10082
5374
3216
6014
3724
9279
8637
2967
9596
6126
4034
10058
219
3267
467
2667
783
9427
8893
270
7020
9540
8355
8351
2411
4429
5173
5322
7671
836
8236
4797
2542
6582
5261
1169
2540
1985
7956
10209
931
7756
6791
1632
4138
324
5009
8558
6829
6123
8168
8495
23
5637
5556
4480
10128
1374
4515
8123
6933
3556
1515
4658
5649
2558
438
7209
1245
2856
1309
8509
4861
925
9267
48
383
8771
9970
5032
5622
4401
6479
2537
448
9024
10075
3238
9037
5363
3529
9547
4366
3987
1636
5447
6535
8239
5025
8304
8704
563
5963
3186
3224
5843
5584
10114
1809
4914
6113
8406
1732
937
9195
8803
3908
3802
2603
9123
5863
9525
1745
5618
784
692
7728
3400
4841
6893
6684
8053
5696
2790
5969
8428
6680
9878
392
4547
1514
1356
1430
94
8937
7362
6374
9107
2609
4578
9287
8808
3156
1520
6308
3581
9044
4664
2703
2509
7150
5738
6203
5998
5046
9869
7365
8553
4109
1274
5502
3943
3918
1654
3395
5055
3807
8387
8181
9140
4364
1037
570
8907
9294
4905
9617
1090
6468
9636
1178
9668
3552
6830
8443
6513
3437
8739
9497
5986
6670
4819
319
4223
2659
8792
8760
2221
1513
7538
845
3314
4371
2695
8592
28
9701
5450
9757
9706
2704
9172
4016
7874
4100
2463
9086
2174
4542
9105
1601
8035
796
224
6016
9653
6484
7893
862
4577
8023
93
10109
6029
3828
8741
4177
1339
2224
9211
7721
9873
7119
2467
758
450
7399
8799
6237
4820
5095
5978
2439
5086
5857
5782
4992
3263
6921
9346
2015
4659
1244
9595
5798
5821
9394
3300
52
6881
9609
8546
7072
4200
1554
8844
5742
323
5740
256
3975
1625
6807
3946
7273
4071
6217
1931
7087
5668
2776
3595
1378
2827
3915
2933
9146
6998
7515
3192
519
8431
1641
8541
10210
1163
3449
1487
1153
2016
5937
10126
4513
8360
9502
7130
1639
2707
4624
10216
5723
6369
9034
6110
5701
3839
9418
8069
8369
2043
759
1623
291
4657
9485
7395
9854
5612
3474
4300
7254
6406
9994
201
7041
7323
7491
6840
6950
1182
553
4831
9977
7848
906
2261
6048
7769
9261
7517
1438
9229
5989
7473
8908
246
3234
1970
5015
2292
6757
3312
165
4089
9464
1777
3950
5643
4381
3288
7755
2718
1489
2052
6455
3830
3655
8609
9311
4535
4867
2287
4402
10208
622
988
2838
9504
5155
767
3304
7567
4590
1106
3420
4420
4956
6275
8217
9081
10061
4359
4990
9594
8196
1007
3305
7416
7024
8936
3021
4602
3939
1511
5514
3356
1036
6178
9288
1283
2647
799
7339
1464
5190
3887
3692
4314
9783
3933
7787
5288
2588
6444
1819
371
637
1789
9458
4423
7909
6271
2587
2806
4179
7890
7575
8372
5160
6573
3992
6348
3857
5852
3890
7845
7078
8574
5207
5713
8081
775
6420
5289
1946
158
5362
9896
3665
8516
4887
1552
2438
6660
5964
5051
6223
7282
5931
6986
2611
333
9166
8576
7564
166
1951
9910
4543
6547
2111
1698
6328
9511
2423
150
6344
4390
4419
1184
4742
4292
120
8927
2669
5675
515
6165
3082
6276
1371
4054
2778
308
3427
1849
7901
9482
10200
9421
3070
9275
159
9978
3524
4552
9825
4749
5437
1982
6742
8142
7288
686
1226
1967
2674
7660
8784
7654
6186
6114
827
5570
9979
6528
3389
9906
2420
1563
9884
2104
6049
5737
4548
128
3122
10166
1161
5619
2386
6593
9904
3699
7263
8400
3694
1987
10173
3533
5189
2344
4088
6964
6400
238
3941
8038
10153
7558
1952
4768
4220
225
9769
2020
1922
1410
7596
5750
4527
61
5053
8420
9562
251
10045
10014
9184
8591
4933
1130
6919
8572
442
9965
3907
4694
5980
10227
6476
2466
2297
5443
5445
569
8005
8987
598
3849
9256
6648
1501
5424
458
2853
6668
428
657
9159
5480
5810
306
6180
8102
1726
10095
2488
1097
7659
3027
2148
1576
3019
4599
2877
7358
4798
6478
2238
4766
7862
4873
27
1149
9406
5607
7016
8693
9206
1416
1746
1974
7437
193
9035
9813
2180
2207
368
8651
2839
4556
3629
1455
5795
950
7086
8943
1748
1696
1966
367
2175
9749
9269
6748
6322
7264
5761
6700
4269
9149
2451
1667
83
676
1959
7353
3558
967
286
5991
3574
3144
8697
2706
2427
5406
8371
951
8157
6456
2590
9805
