1469
3010
9707
3274
7100
6029
1624
6076
922
633
7898
2471
8273
1064
4552
7697
8748
7176
9778
3179
1645
5994
391
9186
5841
2694
1096
4793
3596
2897
5727
591
9174
2650
5370
3865
6655
4897
6792
7256
4371
3131
8404
1968
7506
5999
2264
5480
6902
828
6099
9661
7087
10029
7784
803
9274
9081
4461
411
1401
6797
3460
5178
7421
8239
661
7623
5650
10217
942
7670
5413
6756
10119
60
9927
8034
598
1655
9869
6092
1487
267
1167
4864
1177
4272
8279
1161
9820
8682
8686
6206
4033
6176
8640
409
8105
4795
5915
5286
5368
7429
10039
5034
263
1133
3526
1025
8608
5946
2383
2054
4358
9314
6531
9270
708
1963
7084
998
8870
2669
6068
7873
2573
5637
3439
4256
4098
9638
9084
8093
8
812
2504
6601
3545
9052
2140
10210
5793
8128
7232
4129
6435
6079
3066
6465
1472
3210
4591
8277
7746
535
4365
4335
9028
6368
1578
2862
8554
5870
5239
7070
7914
245
2391
9361
3035
1724
1663
8712
5462
9009
1568
1610
4535
2739
3532
2986
8493
3088
3286
5519
8347
2889
5268
3055
3837
9321
8325
2093
3438
2530
7386
2224
6438
3604
7960
8574
1155
2648
7032
6241
10144
6403
4946
4401
2371
4324
1153
397
7741
1325
6021
2800
9616
44
277
4843
1992
8837
2211
74
8329
8206
2381
4875
499
657
4834
7168
8212
8289
7567
3932
3527
7320
6007
9739
1287
182
1380
8265
1867
4961
10230
3458
3985
6097
9851
2087
3544
1791
1357
4585
7146
3466
9222
2278
10113
304
3516
3067
2435
8069
9950
1765
6037
2132
1434
9024
2965
4159
3586
6709
3396
1651
854
9592
2786
8060
1735
737
9829
9473
5942
10239
9977
6422
1250
1764
1291
4673
8107
5846
9393
5021
1238
7272
9878
4682
2462
3726
814
6530
7024
5872
7477
5165
6397
7723
7156
9443
2935
4243
6704
2950
5796
1352
7340
4865
1478
4712
4558
7451
6135
7629
2655
8874
3853
8081
6144
7239
3187
6218
2135
9402
10097
4180
9994
8469
2704
6606
7278
552
8170
2096
5390
9552
6730
6459
3748
2294
2356
1903
9819
3992
1981
9581
7455
6181
8352
3511
698
7330
10153
6897
7035
234
4528
3251
130
3197
308
1231
8270
4840
8123
467
2709
8200
8057
3422
674
551
9866
4198
1511
3642
1383
7964
96
2067
7359
9970
2373
2395
3374
7488
5767
2191
9490
2408
3493
863
954
5231
2827
1812
9252
3320
9269
5976
2353
9702
4367
5279
1890
879
1916
251
5100
4794
9807
6895
3110
1575
8527
1122
307
4287
2898
1424
2035
524
1530
3389
5660
3388
6873
989
9188
6589
832
9870
9455
2226
1898
4067
1795
6165
4616
6263
2928
3717
1793
6493
3123
4288
5594
339
5394
6981
9192
6322
6014
5501
2258
2918
3078
3648
5966
1769
5546
8643
6332
6612
3707
4080
6052
8883
6782
3639
1802
8697
1090
7020
8949
4869
9960
8753
8479
4133
599
9468
5980
5562
1270
3886
8029
5440
4734
9935
4960
3119
8621
6793
2213
6785
7999
3267
4954
8086
207
3296
9912
4978
9178
8176
9308
9565
3023
1998
2019
6485
1199
53
2878
9275
3208
112
3623
6042
6638
9659
6850
7316
5062
1648
3699
5269
5937
7696
9775
8398
8088
6451
6884
6869
7998
5709
3340
9077
7342
7167
6057
8300
1785
5751
4743
5714
9770
1652
5545
7726
5630
8840
9481
8246
3254
7698
6075
3986
642
5156
6647
4888
7461
4804
8014
6955
1243
5287
4539
2977
3357
8095
138
5257
5874
6292
6961
2585
6327
1788
7956
3343
1943
2253
1419
9767
10
2124
8877
3969
5604
7424
2664
338
10151
7214
4986
7943
727
766
5405
853
2317
4715
9827
3492
254
5153
9528
6285
5194
2929
924
8233
6505
513
4709
2389
7162
5917
5791
7683
5260
5880
778
300
3851
5490
6188
9010
3054
1207
2597
3058
6466
4223
5699
1553
2206
9691
786
7500
4459
5267
3580
4151
5094
2376
937
4674
290
7965
9312
5740
4962
6006
4663
4990
7459
6223
1975
2255
1872
4383
2048
1396
3476
9015
9589
9053
6518
3776
7155
5410
3225
3983
3185
4779
9492
9633
4013
2561
3416
8487
1002
2150
6626
8552
9114
6674
972
6131
4894
8425
167
781
1687
653
8122
3609
9179
5476
5198
3315
8988
2933
1868
3440
244
6960
2810
7147
3190
1435
10079
5690
7774
9846
9458
5155
6155
7449
2121
6767
394
3415
2204
1805
5547
3211
9113
3253
6710
6904
6107
726
129
4310
886
4099
1524
8018
2591
9166
4435
9920
5107
4115
5724
4249
4770
4086
1684
5540
6529
1233
10049
8593
4268
296
5503
5227
1148
1534
6594
7980
2952
8327
6991
5290
6163
9574
4533
5672
4497
8121
5354
3125
9261
2736
415
8395
9895
3790
458
3042
4005
7498
217
3541
1565
37
532
5044
6072
3611
5695
13
10191
8614
9836
6387
7549
1050
6185
4171
4689
6842
9843
4289
6735
6477
7288
7241
2403
5400
4375
2174
4791
6158
3570
8542
3855
1227
6069
683
3198
10080
2996
8516
8598
4885
2145
527
9054
6708
8813
4745
1913
7576
3038
2657
819
3535
822
6198
1056
3205
4652
749
2841
9738
578
7465
2104
9647
5263
7097
5053
8290
124
1743
354
7130
3754
7436
1137
4778
10117
1796
4279
1845
2236
3903
6408
9903
4822
7828
9731
452
8073
9089
1837
8061
9591
9390
336
7659
3655
2989
5386
2854
2549
1368
2588
5674
3833
7025
3431
1327
19
8348
6795
1318
746
2711
28
7129
7499
826
5570
1408
5246
4523
6535
10106
9292
9355
10090
6930
3578
6591
3467
9502
6215
5656
5908
4186
6907
6055
8028
3559
2023
5693
2592
9379
8058
2414
5338
8594
2998
9773
5232
5856
7056
9607
3338
8115
9352
7840
4111
514
6492
7806
6755
9155
4554
7915
3165
7235
3168
6118
5258
5527
4346
4250
830
202
8072
5792
4389
824
174
2320
3001
1347
2340
5303
7580
7121
9467
7997
6236
3081
5363
7303
9640
1562
2948
7779
9765
4813
9543
9657
1734
9477
8453
2361
2359
4926
3506
91
691
8220
6499
7882
