8871
7759
7684
5488
4222
1432
3422
4566
7457
1934
6667
6296
963
1432
3895
3141
843
1124
3577
1905
8038
9547
5013
1702
9944
7163
6526
2323
7564
9690
2559
5607
4193
9078
5936
1254
7968
8142
4902
2927
1885
4247
7869
2064
3315
9040
9903
991
2259
2002
6036
2819
7023
2174
9708
159
3290
1676
2679
10140
5585
7834
6405
8528
963
5927
9724
2847
3535
2943
4431
1334
2542
4810
331
3523
1421
8482
77
2149
6405
5242
3043
9969
9992
4461
7023
2064
2542
7611
3560
2080
9708
2109
4902
9724
963
7344
8871
9181
639
8381
3308
2392
317
7637
1308
8517
3650
8947
1632
5523
2542
10101
9647
2430
1198
6399
8038
9936
2064
5759
3549
672
9040
1239
8370
5940
2190
3543
2064
2542
6574
7212
740
5927
7661
6121
4264
2671
9257
9545
7578
7458
10101
7771
5126
1102
9883
7129
963
5984
2398
7869
10016
3141
4416
963
2259
5964
2542
2636
419
482
2542
3650
6394
9708
87
7355
7661
1702
6269
16
10016
2671
3422
2263
7085
1428
180
2688
4222
2153
8665
2927
888
5745
552
5100
9540
8528
4691
2542
7869
3141
1057
65
5965
9921
7611
9658
87
2108
3549
9671
6037
759
8381
8805
6678
9116
87
843
7381
7320
10139
9708
4289
2671
6160
9619
6740
2966
975
9936
8230
9260
7225
963
4782
9143
87
248
963
2542
2178
1408
5940
5399
8855
1663
6055
2195
5600
9189
5127
7023
43
1726
5964
6526
4461
4199
5966
8924
2080
3789
6405
10139
574
639
4279
7646
9708
7456
5395
8528
5647
1200
4615
8247
9203
2174
4822
5907
963
5013
7061
4732
4582
5875
1500
2897
6526
3422
7533
1432
9735
3780
2983
1057
10173
1432
7658
7658
10084
4653
7611
7535
9709
6405
3806
2652
6150
320
2922
5984
7684
9143
1632
480
7457
4553
8884
6405
1726
5600
4615
963
6723
963
55
8253
4451
5173
9000
759
2064
3141
7335
993
9570
7661
8875
114
6427
7061
945
8871
3847
5940
1873
28
6678
7112
9355
963
4566
2897
3258
6978
7637
107
9963
8929
7355
2671
3684
975
4979
9815
8216
1334
7611
8871
3789
5003
2144
8433
2174
7344
9944
4810
1408
339
8556
1057
963
37
7684
4615
963
4204
9708
266
5710
2048
3579
963
1102
4816
55
1737
8975
828
8556
8875
3277
5745
1432
3560
6678
8433
4681
7684
7519
8925
1008
3992
4200
9942
1057
1663
5103
4902
3462
6607
7745
2542
10016
2669
3821
9040
10215
9913
2012
4963
2259
5927
10169
8537
7751
1364
2174
2122
1261
3936
9536
3978
7771
4902
9216
6268
3266
3449
7320
6399
4615
5206
1102
3806
168
3936
963
4164
6368
5759
5453
9660
3112
5487
6394
2868
730
10212
1654
2671
2048
6381
9332
703
4473
10016
4200
2002
8871
10173
5927
2002
2726
963
3141
3858
9735
2079
963
2679
639
8381
5208
2849
8381
6781
3170
7163
3422
2153
4691
4791
7910
3543
5964
1124
7163
4887
1038
9957
6606
9116
3780
2809
3560
4199
3806
2398
10120
552
419
5898
7225
2819
5848
4483
4615
2679
5600
2430
3988
2092
2542
1972
6487
3462
132
1254
5029
7943
10163
2051
963
2725
6723
928
9221
9972
4979
2542
8381
6451
769
4077
9732
6833
939
5759
552
1347
2103
8802
10140
963
3586
963
8370
9165
1908
9231
3568
7061
7295
9547
8266
2259
2922
7354
7611
7611
2012
8381
4613
4615
8909
991
963
3549
934
10016
3936
750
4131
2186
3286
4164
1102
5600
419
7745
2002
2671
2012
2897
8871
5989
8929
4483
433
6036
6631
6932
7832
4214
1
4566
6243
10162
750
319
4200
8924
8381
5399
7366
833
9243
4737
1810
8340
7457
993
9936
2252
521
370
8216
4241
5667
9545
4765
4096
4149
7485
3431
8424
8655
9073
6036
6605
10172
4149
2542
1206
4476
2663
3519
6963
8949
3103
207
9903
1632
10140
9604
5936
1737
1908
9604
2064
8777
7163
4816
4887
4989
1008
1885
8884
7458
2792
5395
9709
4164
5273
8381
312
4871
331
1364
8194
22
6422
3560
1102
8537
1810
9362
4963
8805
9078
6667
4461
7275
4615
4613
9396
7086
7661
9608
2800
7911
9604
5242
2064
6121
1436
861
8267
7684
10016
4599
639
1261
9708
5399
4765
419
7869
2186
7943
8884
6405
5784
8925
9708
9708
10155
948
9536
7751
9000
1879
7846
65
9066
2153
2849
5966
4615
8871
5126
7023
777
9066
9040
153
2966
740
2286
2897
3568
603
4908
419
2671
1726
9708
3978
8871
6121
3895
10000
5139
2242
8556
4123
8954
4933
4264
2542
7458
7864
6771
1879
10016
7404
2819
2542
2398
1350
2178
1747
5784
3992
8177
1747
4154
3869
3568
5399
10160
413
6303
9660
7834
2542
1266
5964
7646
1102
1747
4204
4461
320
2928
3148
6005
9189
2059
87
8871
963
7658
963
6574
8218
5158
6084
8975
5693
4444
7320
1737
8871
9491
9647
9285
107
611
8087
9524
8534
4791
7163
2832
7085
6121
639
4615
1419
9708
8909
906
2360
3462
9608
8089
4615
9963
6243
963
8528
8556
5300
2542
9893
14
1878
7344
3422
1206
7320
9143
3268
1878
1654
1799
939
2104
43
2174
8162
6334
3445
8424
4737
5898
1254
331
3277
5103
7055
9260
5273
5103
8775
2897
6121
1654
9957
7366
1747
5871
4247
7550
2738
8528
963
5425
6422
2149
6932
2953
3170
7535
1198
1844
2178
8528
2669
1057
1905
3970
991
7834
6899
5600
8903
6667
2108
9540
8216
8370
9554
6110
9975
5778
9221
7976
4745
9708
9040
9320
986
4810
1873
2725
9445
9000
2996
7344
9073
2144
9604
1347
963
6988
692
6399
7344
4461
5003
4553
9491
5893
9708
8871
5222
8975
5039
7086
10164
6723
2502
5399
8213
5893
1064
1008
3563
963
7939
6243
10172
3141
1197
3392
6809
7941
3620
9470
5965
4566
313
1437
3315
8805
3936
9957
4200
3563
4149
1
2542
3954
9963
8224
1540
7163
9598
8169
348
9957
9189
9903
4222
8282
4615
8014
5685
1382
4648
8665
3780
2897
7834
1139
8087
963
7163
1619
9143
4782
657
3523
7646
7751
1206
107
5892
2236
4123
7637
7684
5984
2542
1838
5600
6110
1099
8177
9708
9708
10191
2542
3323
87
4979
3808
8884
4946
10000
7654
1500
2542
2064
3155
9608
1702
8875
9362
4077
1197
8216
8194
4346
1466
8929
1466
7658
3684
1873
8079
9868
4791
5778
5600
1879
963
9066
6268
9143
2847
7958
4444
2663
9040
7637
10191
1139
6753
8719
10191
2542
2150
1885
9708
3549
2149
6809
7684
611
7834
4791
4451
993
2699
8534
4431
3464
4199
370
6451
657
1057
9608
9708
3808
7911
4553
7535
4553
4782
3709
8230
1632
6526
4767
1198
1139
6574
1702
7481
10162
1008
2715
3141
8939
1432
10173
4566
3216
9107
8433
317
4149
10016
1676
2259
8014
491
4765
8439
3577
963
3549
8534
2542
7297
6487
8677
963
9944
4604
3568
8975
9545
3103
3135
9528
963
4782
1266
2679
9658
6160
4014
9470
8266
1619
3895
7550
8282
5778
7163
8482
872
9619
2323
7869
10101
8230
1180
9457
5013
77
5964
1754
7363
6541
3284
5647
8871
5139
9079
963
10000
9066
9293
6090
8820
2149
9619
4043
9708
8528
9708
344
10095
9936
2064
2542
7578
43
7297
3507
8853
8295
798
3462
8169
9267
1206
6242
7834
5893
4204
4902
7646
6607
6080
7759
6268
2542
8871
3519
10016
4241
8142
5718
8528
6359
3112
4164
10169
8804
87
557
153
4164
3900
684
2286
2178
7354
8560
4599
8871
4279
8420
5139
4532
5039
939
8087
344
2149
8909
4902
8290
3625
1654
5693
9636
2542
8038
557
9853
833
5523
9262
10155
8939
9053
2174
7404
10016
9842
3900
963
1745
9332
2983
4963
2502
8142
7646
2144
43
107
1457
7551
4963
2542
2259
2190
4782
2636
4461
1669
4645
3624
6471
2927
9942
2186
6526
3625
4193
7458
107
8125
5927
10016
8193
5966
7551
3385
5811
8773
6477
3563
6978
3625
6427
1672
5898
6530
1408
6254
9871
1102
9708
2178
8975
8855
888
2064
6037
1745
1524
8312
7129
4767
5549
7404
9231
3780
1421
10074
3211
2356
9547
5405
7646
5405
7834
4149
9285
5784
963
1102
1364
8253
2454
8023
7578
249
7834
6465
5759
8772
5927
8230
9143
9000
7005
769
5774
2966
552
5778
8844
5927
2099
963
9189
8530
1057
5300
9968
40
10164
6121
4204
3077
1509
1500
4200
2800
740
9524
963
1437
2048
7760
5562
7751
9735
963
6678
2190
9040
5203
5892
4615
2715
2922
2669
4222
8560
4615
8381
1702
9528
9647
4932
2064
7320
2354
6114
10000
2530
5311
7771
3473
2542
7941
8772
639
5710
2002
10031
276
3586
2927
7085
3586
611
3855
5167
7550
4305
5382
6487
5848
9554
9708
2542
8705
5966
7564
3563
9243
6110
4963
5325
9
4885
3794
7404
4810
2259
8036
3789
4043
9362
3338
2983
1882
6268
7968
3758
1509
8805
5039
4871
1200
963
2051
3895
2982
10016
9536
963
10101
3112
8282
9619
3431
3243
5778
10016
7834
8228
2080
8871
8924
9457
8871
2064
2012
4963
5562
5523
2080
5989
9868
1908
5262
4301
429
963
963
6667
10000
2236
7646
3141
9362
3495
2080
7941
3445
6090
6160
692
6037
8381
8199
8805
5893
9545
7023
9971
7354
394
6526
1198
8560
2064
1873
3920
6526
7951
8528
249
6268
214
7355
7023
4555
2897
4348
9708
1827
8224
9708
4902
9040
312
4451
5029
963
1509
2323
4791
9708
8871
5427
657
7119
521
2398
1747
9658
7654
4319
2149
8909
6678
2080
7086
2354
297
2242
4791
2652
8929
5996
1102
1844
6405
8773
5990
1885
5893
1944
4681
5399
8370
625
7846
6833
40
6607
7968
3284
4822
2195
8482
8433
2502
5784
7061
2354
2004
297
7869
963
1499
2186
3433
2469
7055
9853
2259
7119
9724
4222
8038
5364
2109
5633
1702
77
8534
4279
7834
6121
8844
421
3586
1040
8871
2542
9320
9944
928
6427
6405
1605
928
8975
8370
8773
2897
2064
963
6154
2542
7456
10173
7637
10016
3399
9708
170
8962
8370
777
5325
5139
8537
939
2542
87
9066
2663
4164
2108
9608
4599
6606
4902
7129
2398
7381
8433
2064
9897
4319
9660
4065
10104
8417
4939
6398
7684
8056
6303
8381
2143
1602
963
886
894
9608
10016
5848
672
6526
6526
6121
5242
4880
317
703
498
4279
7550
6121
5850
8499
7619
6809
2663
3523
1261
7751
8177
9457
10000
9972
9800
5287
2149
3077
8528
1350
2064
9053
5965
8855
8224
9009
8056
945
7658
6574
3519
8216
5300
9040
4483
6526
5167
9842
886
3569
2252
1432
6243
7654
8247
557
2927
9395
2530
9708
4767
10169
1885
9708
9066
4555
5892
3586
2542
611
1624
4461
9221
6963
636
6903
10162
5254
8871
10120
7295
3277
6121
4615
2195
4149
2064
5633
7646
1160
3961
7163
7619
4737
5990
10163
4149
574
5778
1972
5609
8807
425
9395
3991
2982
3515
9708
4222
1040
7661
8387
7067
7684
255
77
5940
313
7215
8216
9262
963
348
2559
8387
939
8875
8038
1878
9224
132
6036
6399
1261
4200
5139
4149
9708
9992
9243
1102
963
2064
1663
168
1663
9708
6434
4222
1669
2688
2259
639
9658
1980
678
4149
7371
10084
6526
5132
4978
5579
1669
2104
1102
963
348
5073
55
3978
3569
939
4199
4791
6274
10016
6526
8939
5718
9957
8789
9257
10191
5523
7684
2092
8213
6121
2927
8216
9944
4590
3141
6526
2064
7067
1702
2363
963
1124
1654
1217
657
9788
5508
7297
9708
4880
2663
3338
4615
963
7085
9457
5399
7646
9545
7055
5647
4902
1124
5139
8230
1934
963
8381
3954
9800
2613
4582
4791
5254
6526
9554
3229
7683
5562
963
6405
9647
6605
9944
28
7799
5462
4241
4070
8929
8855
8177
611
9083
1821
2699
7112
963
9903
5607
331
1008
2542
7968
10016
8534
2679
9354
7212
10191
2144
4123
750
2897
3047
552
3991
2832
1432
7023
2064
4732
2354
8528
5222
1605
1702
6254
2613
8068
8424
9735
3449
4765
9066
1745
9708
9079
40
5472
1079
6036
7085
8855
180
2363
4791
1364
3683
963
7163
1350
5677
5965
3900
4553
9942
7363
8381
1873
4476
5759
4532
9708
8705
5740
9079
4222
3451
6268
10016
1624
9285
3135
5893
7344
4220
2064
2738
4615
9788
10162
963
370
7476
963
2064
8929
2542
7745
4214
2048
10101
8871
2080
8962
6740
4822
6451
7005
6809
4722
8216
2542
8975
888
6426
4772
4615
2542
6036
4902
7163
2832
6833
1132
2671
320
9936
8705
2542
2542
1873
551
9231
6405
861
2671
1058
342
3563
2178
3141
5003
153
10074
5127
10016
10183
9647
3586
6477
10074
9708
7958
672
1
6605
7119
16
8844
4043
720
5940
8267
6530
2373
4149
1254
9155
8855
9
2064
8482
6535
963
1432
8565
9975
5927
1944
8884
5633
8909
9829
2542
1494
22
963
5778
7684
8939
5600
8433
7476
3445
5850
7968
3115
1200
9957
2174
2472
1057
2671
6150
8528
9708
1432
6269
77
9470
9598
9143
3277
1239
4979
5927
2671
8370
963
2186
2059
4093
963
433
2502
2542
8269
8884
963
9588
9647
8162
3586
8537
3684
1008
9975
5400
8228
4428
7344
7458
8665
2259
9708
6121
3988
4193
429
2064
1747
9957
8267
8370
9221
1466
3726
2663
2354
4615
2195
10164
3013
7564
7163
1591
9545
16
5647
4346
9362
4149
3422
77
4902
4803
639
6268
7611
5029
8560
9066
8499
8789
6334
2064
2195
4566
720
4989
4989
7005
5965
939
8804
7637
7646
7684
9815
3266
4566
4222
6399
9903
4301
1436
4348
4622
2002
1206
4566
5405
55
7646
9942
7799
9992
5966
4732
4765
9957
740
9708
77
9040
2064
5990
77
5523
6631
963
9735
3449
3043
1057
7968
8949
4871
1663
5003
9861
6121
4810
7212
9354
6526
6399
521
4241
9073
4319
1745
4538
6471
8528
2542
6121
7654
9079
5139
2726
7951
3451
9883
7646
2663
10016
2652
6530
750
7005
963
2259
5940
3988
2080
963
2542
8962
2542
10183
963
4732
6381
5830
2234
8853
6242
2671
433
3808
10173
5696
2259
9621
5453
2542
9903
9040
8939
1217
9545
2725
4566
4810
9708
5875
8269
3141
6121
8909
1160
1239
7112
9724
9212
9708
4453
5488
3586
5964
8655
1519
3577
1632
8089
10016
4123
4279
1432
7061
8019
1980
2726
5029
5325
7163
9944
8370
7531
2472
10160
5677
6740
4279
5600
8871
7344
9921
4451
557
6121
2064
87
2080
10183
2809
5311
1347
2109
10000
8343
77
3586
8771
8871
3047
2542
8087
7834
8528
482
8871
5784
4599
10016
8266
2897
928
9066
4963
6090
9788
6978
1669
4555
8528
2936
3422
1432
429
77
6607
6753
8528
8655
6451
6631
1180
2103
7182
7619
9708
9708
2897
2430
8871
6932
2679
3445
4615
2174
2897
5811
4164
2819
611
6434
2699
8267
7745
1198
939
8155
4902
750
4989
2174
10163
8807
1972
2950
7163
2510
5600
4559
672
5395
9708
1619
10000
4077
8528
4243
1500
991
1873
3507
963
4816
9708
2064
1494
6121
726
4222
6148
4483
3277
2143
2354
266
8194
4732
10074
4279
8370
3445
2800
8530
2195
4200
6274
5039
7968
10016
5893
2064
1745
7112
5562
10173
963
1980
6753
7112
8719
10162
9326
1737
1980
4559
8194
672
2064
3515
180
4615
4149
9957
1980
9224
7481
10163
10016
2048
8925
6268
7533
5904
3112
3936
6723
2542
9660
8909
2715
4164
4150
5562
6148
4599
2454
3780
9972
9660
894
8939
2186
9066
963
9112
7344
3594
319
9203
8155
963
43
10169
3858
8282
8125
777
9708
2064
9570
2897
5811
2560
9524
2195
10139
2543
3535
8871
10000
6121
3535
320
5600
1239
777
8804
276
6394
963
480
6678
112
10162
5675
8089
1239
2671
5563
4222
3464
3141
2178
1702
7684
6526
2542
7023
5425
5425
9547
5633
8169
8247
8855
4431
9708
4289
3519
4149
6110
9545
14
5784
4722
7834
6781
9957
6148
1838
4615
6148
4538
6296
7439
5609
8516
2996
6606
10016
6405
8777
2064
8537
5395
205
1432
7976
3268
7163
6121
5015
4077
1619
5158
4193
4989
9547
9457
7023
3029
5462
3141
9457
2542
1858
6574
5898
1102
9708
7163
8381
2679
2847
5273
2259
828
552
5848
5395
348
8871
1079
9
3625
6740
3900
2252
9815
9604
9332
9
2149
7866
7911
8854
9570
6667
8431
7834
9540
9189
1669
3135
6121
7366
1254
4902
8534
9355
3936
2832
8370
4070
8199
9588
425
963
7958
9861
10191
1747
320
4767
8773
1436
7457
8560
7119
2149
9040
7297
8855
10140
1457
963
6667
1619
9903
5273
2897
939
2725
4418
963
2679
2726
10000
9395
9143
2897
266
1726
5399
2190
928
2430
8019
8224
2847
2190
3141
6405
8381
5693
4615
9528
7611
7799
8855
2953
7550
9709
105
9332
4615
5784
3789
9231
3847
1197
2241
5600
8771
3586
991
3268
948
5487
419
4149
3794
4149
557
5399
557
107
6036
8807
4164
6037
7846
2174
9903
963
87
2048
9116
8370
2080
5964
9708
317
2064
10000
7018
3216
656
9570
1913
9708
2927
2669
991
5364
2996
1624
2186
963
963
6055
6138
3155
6243
7834
3141
9861
2059
2897
10000
7355
656
5203
8528
2897
5927
255
8929
8079
7061
7085
2679
6753
9735
4077
2530
7163
4902
1102
7611
3519
5927
3563
7270
3535
963
3709
6809
2064
8230
7531
8290
2108
9395
7061
5497
1008
8947
7320
8038
5718
1702
3141
8370
4791
4269
2099
6526
10016
7943
934
6150
2080
3625
9957
8266
8477
2109
4822
5395
9395
2542
4289
7646
3422
4149
1466
963
8871
777
10000
1302
2897
2542
7723
8655
6243
8882
9000
886
5100
8193
2699
872
5287
7404
8565
9972
928
2542
2174
7061
6005
1745
4149
3029
2064
740
2542
6574
3515
5029
7457
1421
3519
7521
4149
9040
8962
8218
3961
10160
2847
1885
8230
9903
9143
8269
6254
9395
7834
7163
5990
4305
6138
6090
4264
1745
1124
8772
9708
4290
10140
7866
2897
3563
5562
2354
8087
10000
5647
5150
2363
8038
107
1602
2064
43
153
5984
1672
9724
5453
2542
10000
8909
331
1419
153
9788
2542
5958
9708
10172
7363
4098
6269
9708
9853
963
8516
6526
2542
5600
2064
10104
1457
9671
557
2542
1678
6477
6399
8230
3268
6931
993
6451
7535
3549
429
963
2726
8194
2398
8855
4613
8056
4767
3312
2174
963
2691
8266
8056
7531
963
5400
1799
9708
8068
888
5685
2259
1217
9445
1090
8014
1745
5126
1347
6055
87
4615
2080
255
5508
8177
3029
639
2186
730
2398
1882
8775
3780
9829
963
4902
4154
3112
6700
127
3115
8871
2927
4473
7611
9690
9708
4615
939
6471
8855
9708
342
9708
2849
8224
4123
4247
4590
7939
9903
4214
7163
2725
2064
266
3141
4608
6242
9362
8871
2174
4737
521
4301
2398
1747
5906
5675
8038
1102
6526
5013
4473
2051
4791
2354
3683
3141
963
5958
16
1654
8433
5139
4149
5898
10031
3549
7225
1702
7653
1102
8528
3141
3029
4473
1830
5400
8773
3991
2725
8381
5927
3812
1254
8068
3170
4149
8871
963
6160
963
4908
2679
7883
4782
4887
1913
7061
6607
6405
1702
1057
5562
1844
7212
963
4305
1350
10173
4615
9243
986
8871
2174
3422
9936
1663
7129
8125
2284
205
2174
2663
2242
3170
8036
9073
114
9116
963
4349
6605
8855
1726
5007
777
3954
16
963
8056
939
5497
1008
3029
9079
6334
1754
4279
8420
8145
7119
8537
43
4615
963
5400
5395
1913
9708
5488
2559
4782
3507
2679
107
1801
8282
6667
87
5693
2679
4615
8213
9362
4149
7846
8312
5132
8004
4810
3954
3507
8089
6121
7654
3268
934
9708
1198
6526
9708
9968
750
1102
5395
8381
3451
2174
9181
1591
10191
3519
1102
9829
2652
4220
4279
2099
4247
2530
319
9332
8924
8909
7661
7531
6274
6138
65
6112
9690
249
9708
10016
7864
5497
8944
55
6833
2109
3577
7535
2153
6978
3288
2280
5964
4566
1747
8381
9079
2715
9843
8939
3141
2542
1266
9957
3422
6080
833
1676
4559
9231
9897
8370
9921
8855
1079
7061
1079
2688
2982
3507
5462
963
3954
419
4810
2080
9374
9971
2897
8054
5139
8565
9083
7866
1090
4737
5139
6121
5167
266
6607
9040
3522
9362
43
5964
8939
320
740
9647
1090
8528
9260
1827
9861
5647
4164
421
9708
4301
4675
6723
9708
248
1449
4810
1432
2238
8004
6451
6809
4150
4199
3141
3422
5647
7968
5675
5425
10016
5685
8789
4871
1057
236
2195
6148
6899
7320
5778
4880
6833
266
1857
9944
10164
2259
3462
9053
963
4810
7344
8142
3268
9868
3577
8266
8056
1934
77
4566
6963
4553
6833
9212
8381
2064
5848
1500
882
5940
939
9078
9684
1747
1436
1737
6055
3155
928
6121
4655
8433
1350
2897
10016
5600
7457
5759
5126
8155
8909
297
6037
740
5029
2966
9702
5784
8266
5029
9992
6899
2012
4871
10169
7119
7215
6110
9604
8855
3445
10016
2416
3568
8805
207
963
320
9903
4745
410
6605
7834
7834
9708
9735
7085
419
4782
5266
6268
1726
3268
7163
10163
5150
7939
928
9267
9216
14
551
6055
3216
9708
4451
4791
2671
9332
986
945
10162
8805
7521
625
8947
9936
9491
7485
888
3445
6405
1672
5399
5927
4622
5964
531
1985
3586
4613
963
4590
3043
10172
8142
6036
7654
1879
4247
2064
7320
1509
1038
7564
8433
6574
8565
5158
2186
9671
320
266
4193
4902
2178
4745
4902
4118
8381
3522
1334
9285
3560
6405
8517
4765
9702
963
1
2847
2715
8924
2195
4615
10016
574
2542
8433
7163
5830
5139
2849
8871
8853
963
574
5600
5364
4204
8882
2819
5607
8655
8089
6359
7257
3709
963
2927
9972
3141
4149
4070
4737
2398
8433
2688
55
7864
5139
9708
5003
8909
5600
611
5893
1672
4608
8218
2012
2502
6008
9724
3594
5607
168
7061
6530
2792
2542
6036
8909
3620
3577
1198
6781
10191
1737
2542
10169
2542
9708
10016
3568
639
6526
278
10160
4902
7320
10183
963
9073
2259
107
2064
9897
7646
2430
4149
963
2671
963
8962
9815
2671
557
3684
2149
3445
10016
1810
5710
10163
6036
5964
4131
6398
2174
7112
625
7257
2064
625
7129
9078
10162
3507
2726
9708
8004
1432
2679
2064
963
2122
9619
9224
6526
8381
4043
8230
4615
10016
7457
40
127
5996
6334
7834
9708
6405
2542
9660
4154
2064
5940
6833
8014
5139
6121
939
1197
3519
2064
8875
1217
1449
205
313
2236
5399
5262
6405
16
8944
9040
429
7225
1058
2671
3170
9524
5139
9903
7456
7976
1061
9528
4264
4149
1873
4279
6121
2669
963
10016
5936
8267
9690
5585
1217
5693
4737
6254
7834
2064
3422
7344
4599
40
7619
2542
3869
2186
1432
4164
8871
2048
2819
3121
370
5936
5003
9107
1540
2542
10016
4989
8855
1602
8477
9815
7163
6541
10016
1058
2079
4822
963
3268
9000
9262
9116
2186
963
5150
4885
8925
3594
2715
2195
1057
894
7846
2850
4946
5609
1057
3216
1261
8949
5745
87
2502
6334
939
77
3806
1873
2064
3586
8871
5964
9547
5127
2671
2897
8871
2064
7163
4559
9000
5173
8775
8087
8216
3288
2663
4118
3047
7593
6978
2502
1972
8142
6399
7521
2663
10163
4675
8290
5562
4902
7129
4453
4902
1747
963
4782
5562
4014
7163
7112
1838
3268
3013
3462
1432
4247
3268
9257
6526
7654
9708
963
5300
1436
5984
9647
5940
963
8909
6037
10192
3258
9489
1878
87
7119
7684
7112
9800
2542
55
7212
759
9636
963
9588
3780
8516
6605
8169
4098
3586
4887
6723
9221
430
7834
4902
8528
6296
8528
9547
882
6451
9963
6978
8387
740
1838
2542
1254
1944
6268
8482
2178
9965
9355
5964
10000
4902
9528
8979
2064
2012
9547
2416
726
10173
8871
5936
2195
1200
5158
10016
3216
4269
1659
963
7366
4555
7344
4431
8433
7869
3895
4346
5399
4222
1432
2927
7846
9944
1726
7646
7661
3141
5399
9073
6978
2542
8216
10016
9735
769
1254
2502
6080
8218
3650
4538
8193
3433
4902
9224
2048
9708
9708
9684
726
5488
939
2542
9470
5488
9395
5906
7771
7565
6405
2048
963
7112
3523
410
5003
4123
5600
3789
5311
5579
2897
4118
6526
1885
5904
4453
5562
5013
6526
4613
8537
6422
5778
8787
4902
10172
7114
10000
4222
6526
8871
2816
1605
6535
8665
6148
3422
5685
9708
8346
6526
5600
963
7163
4214
2064
8433
4301
9903
8068
1591
963
2800
5472
9040
6526
5600
2174
7048
3290
9547
1624
4648
7646
9734
4615
8193
4737
1200
9992
5964
963
3970
168
2149
5364
1659
8381
4582
9660
7834
5206
5778
9708
5073
4782
4599
6405
1885
9735
5774
10016
4745
4615
1102
5784
10163
2174
5848
703
10016
9842
7320
1879
6451
3312
3148
3268
6678
8230
394
9267
6268
8871
8068
6004
4590
1624
5893
16
2064
963
9203
3522
3625
1663
6337
3215
4193
8975
4149
3338
7156
6398
2542
43
5907
5139
4476
2542
8381
2542
9708
2080
4932
3431
8433
4315
10016
2715
7684
4150
7112
8433
7869
1827
2472
3563
939
5984
1777
8855
6399
8381
10016
5497
8177
8381
9262
9604
1632
2542
6605
5778
5904
1030
963
4014
2868
2542
5139
8023
3323
1254
4902
4902
3586
8871
7619
7751
9708
9524
557
3431
1663
4204
4319
5325
4164
928
6381
4902
10163
3920
3243
6121
5254
6487
9212
3812
7476
9963
7531
2530
8949
7533
9004
3527
7684
2012
7457
28
4279
2996
4902
2542
6005
1254
8145
4816
8773
1913
2966
4615
6080
3141
5488
8517
8230
8909
1702
7535
159
1030
5102
684
2238
8381
611
3029
8370
5585
331
5472
8343
5927
6607
6005
2927
4241
9189
6526
672
4615
7968
2542
7055
8381
8537
3155
9079
4566
5242
9540
2897
3323
6646
557
6833
4887
8216
730
9608
8705
4902
2051
348
342
531
3563
5206
6678
1934
9243
4220
5400
5893
6667
9598
8266
3586
205
2064
9842
6036
8381
1428
6471
3385
3462
1206
2064
3277
4615
6833
2259
9116
7320
4653
9040
2850
8340
9708
6102
8177
5126
5562
7834
10162
1008
1206
10169
2543
5600
5718
3141
9524
2502
5893
5940
6526
9262
4289
6405
4691
611
43
6607
43
9708
1057
8036
1882
6833
2280
3286
4615
9871
7182
9636
750
6574
7834
963
3569
1364
3568
7371
6678
8871
4247
4745
1663
43
8433
1334
6426
4555
3462
1057
5990
5206
6809
3515
7646
551
8266
3422
3392
8875
9868
10120
9708
9000
963
2149
9362
2174
6121
3991
4431
2897
7646
1102
9992
1436
9293
8871
7086
6899
5325
963
2542
7163
1261
5891
7866
7457
5395
2542
8929
740
7163
2149
4451
2850
9913
3360
8855
10016
4289
9684
9260
8560
4164
3043
5990
8417
1844
8282
4772
6055
8282
8312
2542
3433
5039
4555
2363
4782
10000
4201
1654
8424
8979
4444
7055
963
9702
3579
963
1873
3288
5600
8805
10101
9969
1702
10191
9921
8381
8054
1702
9735
4444
7658
9708
7684
4070
7355
1737
2542
5892
1261
9362
3847
948
10016
7805
3869
1102
6434
7476
7951
1008
1364
943
4149
2012
4077
10192
2190
8871
6394
37
6899
8266
6394
894
1972
9457
4902
1421
6337
6781
22
2897
7458
4566
9000
557
2671
639
7112
963
3215
9636
2122
132
3519
6121
7957
8253
107
8089
3569
6605
9883
9395
6243
344
1200
928
4201
9708
4902
3650
2150
1745
1040
3462
5927
9708
9545
6334
2663
963
1844
963
7476
1437
8433
2064
4902
6607
8556
7593
2051
3284
3462
10016
8155
963
9395
4123
9669
4615
8556
6526
9963
8853
557
5029
9986
6154
8216
1632
9788
5978
9968
4222
7297
9284
9155
8677
5425
4791
5907
4149
6526
2048
5892
2064
4290
10016
4301
552
3458
4902
8177
4737
4290
8787
5875
1632
703
963
9853
4566
342
2922
1702
7834
2064
3170
10000
9362
8875
9155
9972
5167
7048
9708
9395
10148
2725
255
6667
8695
2190
10000
276
4201
9671
8056
7404
8924
6526
278
8149
2143
2542
6451
8516
7085
112
9000
132
1449
2927
3920
4615
9708
9957
3560
6667
1879
2354
9143
5693
9267
945
9608
9903
8855
9658
9257
3360
1408
4902
1198
1064
9362
7119
5007
10148
2897
1057
963
6334
8177
4653
2195
3360
3323
3141
3806
6426
7363
7163
317
6110
6530
7355
425
3462
7320
8962
9708
7119
433
2679
9212
5158
2149
1676
3586
9708
9260
9843
4681
1838
9735
9355
317
7018
8125
3515
2652
8381
8775
153
6526
4555
10192
1827
9040
1669
4791
2080
9536
6530
8930
9788
3527
7458
9470
6036
4566
5964
319
7485
5073
1266
4315
939
6667
9868
8939
7521
8230
319
10095
8213
2080
10016
7869
5222
2190
5585
9395
6526
9332
5453
5141
5139
1419
9243
963
3758
8909
10160
7684
55
10172
1090
77
4963
1524
2928
3560
3268
9619
4043
5102
4301
2502
8871
4305
6434
8528
10163
4444
7476
180
5927
6646
8056
5759
9040
8162
8875
3462
9647
3013
3215
6405
5607
5667
6243
8925
5139
963
8370
8038
6526
2927
8871
5549
9708
3806
28
672
9684
9708
421
4765
3115
1057
4803
8125
8925
5934
3148
9708
8056
3141
2850
7968
8929
6121
2149
249
8853
7363
10000
5395
8939
4615
3586
3847
8162
4648
7085
3726
8216
9362
3284
9647
5600
9708
2259
10016
1905
2671
8312
10000
1200
14
8903
7637
9971
963
9965
8266
9445
9972
1624
2542
9658
4553
6114
255
1747
1747
3989
9657
1659
6084
2051
1102
5167
7481
963
10000
9903
2241
639
7535
2542
4902
1663
3266
8381
861
3579
10074
6530
7320
9267
4803
8177
8216
2671
6121
2583
6809
9112
9671
9216
3991
5978
9260
10163
726
6833
1432
9660
4615
625
1524
3277
3794
4765
5850
6090
7911
170
4247
2080
4732
7593
1500
10160
7646
4767
6405
2671
521
7212
2416
1239
5989
777
5940
10164
963
4932
2259
1428
9457
2542
1878
8269
1619
1084
9708
6084
1333
611
5996
6150
657
9708
7163
8125
6268
1102
1747
692
8528
1064
4305
5964
1602
3900
9073
10155
8854
5677
5940
8772
2809
2699
278
297
3431
5508
3462
6121
3992
6530
3258
7456
8216
8420
4315
1030
7344
2174
882
2122
1057
9903
657
8955
9815
312
10192
2280
2953
2012
9647
10016
1364
3115
344
8370
10084
3961
4164
7637
2542
6405
7832
8014
5927
2502
3385
9708
4782
8420
9362
4199
7611
7344
3577
6254
5141
3385
3978
963
4264
2064
3433
3288
8528
1882
6121
4444
6646
963
5015
6243
8253
8947
7163
9708
2103
8930
6160
4871
107
5201
6530
7869
10016
8169
9231
9000
6254
8939
975
4164
482
9000
159
10016
8853
5399
5029
6700
1197
9936
9608
8312
6254
6501
9992
7864
5139
5287
5203
963
6530
8253
2122
153
8079
5563
1663
3549
6121
4767
5488
9690
2234
3288
317
1509
2103
1008
10016
7344
8528
5325
6541
7637
4149
4201
7968
2502
5395
1064
2064
5158
8871
8939
7212
2809
5893
7593
410
993
8247
6090
1500
3992
10031
5984
1057
3535
963
4199
9489
2195
1702
8777
6988
8565
4582
1745
3495
9107
2953
1254
8433
4149
2064
5848
3507
1659
4648
4655
9536
2613
4118
1084
10139
963
6530
3560
342
2080
9735
8381
1908
5003
10215
6274
9636
4149
3726
4461
2048
7646
2064
4590
963
10155
963
5936
5103
7834
5364
3726
993
939
2726
2927
521
4765
7658
3422
482
557
5875
28
5718
3141
7565
3029
3515
10016
9257
8381
344
2543
3433
3758
4645
8068
2542
2236
8023
3268
4615
8775
8528
2542
2238
2064
10175
5095
2502
7112
5600
2679
2530
1217
8343
3563
2897
7533
3789
2259
3968
2150
7846
2715
4149
2726
9903
3991
9903
8253
2108
4963
2064
9608
10212
894
639
8855
8004
1102
5029
3422
5007
429
9066
963
10000
730
5472
7832
491
430
7834
6102
7646
9708
9986
4902
2927
2079
963
8528
8216
9547
3620
5871
4880
6963
6451
7085
6899
8855
5891
3515
5848
4791
7637
6110
9636
8537
9155
1061
8530
421
5964
8947
8216
8705
2982
10016
9
8381
3780
2897
2560
5015
7131
7565
3422
1350
1632
205
3936
2064
963
2849
6268
5647
656
8773
3726
4532
3399
10162
4154
9708
4615
1347
16
168
2663
4123
2174
639
2542
37
9000
833
10162
2174
1102
6121
5667
3519
9708
1844
1457
3519
3684
9903
6809
963
5003
8424
759
87
3155
127
2064
1057
8433
7869
4461
5003
4979
625
2259
7476
14
7114
6678
963
2178
8871
6036
963
168
8433
2671
5201
9708
5984
7295
112
5745
8381
2542
9660
1885
963
4431
4149
7112
8665
7654
4222
5740
8482
3991
3135
5039
9893
10164
5128
4131
9243
2092
963
153
7864
6535
3135
249
7869
2259
1038
2149
2104
7751
10016
3522
5395
9570
7476
8516
7521
5784
249
888
8871
1798
9671
5039
6121
939
963
8155
4902
10163
10104
1500
7344
3170
5126
7535
5898
7163
963
657
9083
5405
4279
4615
7550
9545
5745
5562
8528
4380
1102
10000
2190
3563
8417
963
1200
320
3515
521
6723
7257
1838
9800
16
4164
7215
8844
10016
2542
2259
4123
3211
7834
8903
1432
8655
3216
3586
6407
4989
5964
8929
5395
1
5600
2242
1057
963
4431
4902
2542
6465
5139
1737
9
8556
7457
5907
963
9986
6114
2713
10162
8871
320
894
7619
87
6833
9470
9083
7519
7578
1934
1333
4767
7320
7834
6607
9868
8871
3422
9198
2927
9647
5871
5927
6405
5600
861
8424
2259
7112
5425
2715
6535
7834
2064
9355
2064
975
557
6530
2259
6121
9260
9116
2195
3789
4204
9708
3462
1254
7832
8530
6254
1879
1239
9260
2953
2259
6160
3586
7759
8771
2679
2103
8516
4204
5848
348
3458
551
8216
4590
5778
8038
7363
7968
7866
4290
5206
5132
3736
1844
3563
5745
4791
3794
2897
207
8925
1408
2559
7119
5609
8482
750
7976
6605
4978
6405
2064
1654
4222
6477
8230
10191
2096
6667
5427
2636
4604
9554
2392
9396
9528
6530
9216
2051
5710
9708
10016
9957
963
6809
9243
6451
7646
112
8381
9262
339
8665
2897
1844
2530
6405
8163
2064
703
5647
4772
153
991
9604
7684
255
6405
4407
2259
1500
1500
963
8528
8155
6268
8947
2174
3284
7832
1878
4566
3625
2897
2064
5784
7939
2064
7458
8381
9815
1972
7085
6740
8433
5462
8216
1663
10016
7531
2613
6535
320
5893
1594
5562
963
9260
963
5395
7163
2064
5399
10163
3155
1632
8482
5989
886
2108
8216
5647
7320
9040
7834
10169
3216
2542
963
963
2234
9708
1747
3473
6399
8855
9957
2064
1436
3286
8871
7869
8871
127
4871
10000
8381
2064
5696
5102
1594
7163
419
2542
963
3029
9040
1057
9657
3103
9198
3709
1540
9588
8855
5784
7344
8381
9604
10016
3895
8871
8230
5487
2012
6723
4420
317
9709
2725
4305
5893
8230
9708
6526
2847
4648
3433
1500
975
3978
8871
1437
8528
2897
5745
5875
5685
9078
5150
4201
1308
7834
1702
4247
2259
7023
10175
9936
4939
2792
5395
963
1124
5287
6121
2613
1500
3449
4871
9735
4613
2080
7846
5940
9257
8955
3535
5892
798
10164
963
9957
9708
3029
521
2356
2048
4118
9868
2153
8228
8381
5100
2542
10191
7551
2048
7275
8381
1102
6723
6723
2559
4902
5893
2850
10148
4722
894
2543
6405
266
8381
8655
2542
963
1663
9971
3568
6535
7565
6274
1747
1602
8565
963
4070
9040
9708
1408
5898
9636
2542
9913
8213
7646
3507
3258
2174
3315
2454
4767
8420
3726
10016
4461
7658
7646
4241
8247
9040
9212
6398
5007
3323
4871
6080
10074
9815
10031
4963
8528
1057
7119
8871
2149
28
7163
7611
963
331
939
8530
4902
9396
9355
7163
3141
8871
214
65
6667
8087
2850
2259
3422
750
5262
10162
4319
1333
2715
429
10162
2012
5927
2559
6110
1908
9545
939
5562
2663
2241
9944
6084
9708
4902
833
3527
6833
3568
6405
2178
4803
7968
9903
6535
6055
77
8875
2671
313
2064
2064
1882
9708
8528
639
636
8193
7551
2143
10191
3047
4816
153
1747
6337
5007
2430
3462
8340
1702
2679
720
7055
9260
5039
3563
8871
5600
9708
9986
843
9944
9944
3286
65
3992
7163
10173
3709
9972
1799
2502
4615
9078
963
4932
963
5497
3216
3586
939
9708
4599
9671
10139
2064
2109
5984
8777
5158
2099
1663
10183
3458
8665
9079
6607
9842
7751
2679
4204
8560
4289
9969
5273
2186
5600
8266
2080
8775
9708
4675
2064
2109
9992
7883
4149
2051
963
3577
3155
5936
5073
2542
2542
3277
236
10016
6535
3970
9684
5600
8381
9708
6243
4803
6055
6112
9224
8387
1985
5100
9647
1737
1198
3141
9965
4380
40
2259
4932
8517
2259
425
7834
2259
4765
1261
8855
4555
5927
9260
10016
3620
10000
4791
5139
2080
7684
9621
9657
9078
672
4193
3563
6274
1827
2064
4164
107
1519
3473
7951
5073
8038
9073
5029
1663
2454
9708
2847
2542
5600
10191
7304
7119
1057
3155
6121
10016
10164
703
3290
3961
4582
7684
4149
6809
2064
8947
5425
861
963
8939
5964
3211
6526
9671
2064
1057
861
5150
8882
3135
2259
7354
5964
4822
5472
8924
3422
2080
8528
2064
2064
2816
7619
7344
8038
2048
5523
3135
3431
1779
2996
4222
2847
861
2144
7611
4199
4732
2543
248
4613
5830
6526
1302
6931
1057
7751
6667
7085
1090
10016
8266
7182
2064
5892
8381
963
6605
8787
3268
4566
9598
10173
5936
7112
8962
6160
2966
6394
8528
2186
7085
10016
9708
4149
5978
4791
9457
5927
8346
9547
7112
2354
1747
3895
2713
10140
2190
3284
963
8528
7521
3847
963
5978
9326
5400
16
7684
6526
963
5609
6121
2542
2725
1632
963
4461
8038
3586
750
5095
8956
6268
2234
7661
5242
1654
8346
2373
6303
3855
1472
9708
8804
3170
9829
6771
5964
3445
8528
7119
8019
3451
963
963
6405
6112
2542
9621
2669
963
9395
8556
6723
2392
3560
3568
3586
4590
2234
7533
2259
1885
4765
6254
5667
429
8038
278
1747
963
639
1261
2671
9636
2542
297
963
2064
3586
625
2144
2847
963
236
2109
10162
2828
8719
6121
2922
6405
8216
894
1737
4615
10016
9944
4902
1180
2983
6702
6678
3522
8177
153
4615
8677
6334
4791
2542
6121
963
3495
8528
1432
297
2454
4822
3569
1198
419
5141
10163
6394
3141
16
8939
7564
317
1838
9671
4289
1632
1449
9660
3522
1777
5600
1737
6501
1500
3338
4615
7578
10016
8056
8230
7684
3869
963
2174
9608
3141
8775
9116
4613
4745
6723
730
5139
6931
3806
6723
5830
7551
1745
2234
3458
6399
8854
4453
10016
4782
3141
4791
5740
3577
5405
6451
1972
7846
1200
5936
5425
2064
10074
3568
7684
9221
5300
4319
1364
4902
886
928
7086
7005
8068
7834
2064
9
8929
1466
3978
9267
5400
313
6243
2195
4767
7366
6121
9968
8944
5364
5262
963
4305
1844
2832
7163
4732
9708
2186
3422
2064
2416
9004
657
8224
4258
9285
10016
1747
8370
9868
3268
7751
8370
2259
3449
10084
6114
1265
9257
7533
9708
2671
6359
339
4149
3535
9362
8787
8416
2809
9116
2064
4902
9903
1605
2122
4279
9073
9212
6451
1726
1857
2943
7834
975
5784
4149
8193
2012
8871
4887
3338
5201
1737
7131
9708
8665
7834
236
4420
8871
8023
6903
6303
9660
5904
9073
7131
2679
4599
1333
4201
1879
10016
2064
3523
1747
672
843
963
3821
214
8955
5990
7653
2943
6110
9212
2103
3290
1428
1334
2080
2542
740
4096
8087
8056
4675
1619
9355
28
9053
8882
8528
9969
948
8556
2868
9829
2149
551
833
1669
1663
6526
7593
9903
10163
1102
5585
7832
1180
4461
10155
9708
963
2663
6526
991
2064
3148
6055
7344
7363
4279
4150
9470
5462
9
2153
3936
1200
4149
5927
2983
2241
9724
170
1594
833
6988
2259
5508
87
3992
7355
3288
430
8295
9155
3522
7646
639
2259
4803
8556
7646
4164
9619
2636
4279
2868
9842
8665
2064
6963
3789
3268
8433
9968
8054
9143
1669
2109
4681
55
9260
5472
5647
928
7866
9708
10120
2469
8038
3121
10016
6121
7834
87
5936
8975
10192
9708
1619
1619
8909
6296
2186
6405
2242
1057
8416
2542
10016
3654
7653
4615
8855
6334
10016
3029
6530
9224
828
9903
963
5745
7114
2542
10160
1838
5095
9374
10148
993
3277
963
939
6359
1908
6678
2542
9320
8216
9903
6809
2542
2190
1102
105
370
9224
5400
2966
9598
2542
8949
4222
9189
4767
1432
1702
10016
8433
3431
4098
656
1838
8089
8855
2259
7519
1944
2280
9636
4732
3013
1591
6036
5745
6931
10148
8909
8528
6004
521
5647
625
2542
2234
10016
6451
611
2542
8909
320
159
8871
2259
2652
6931
5850
2149
9724
9963
7834
2051
9053
963
1654
9547
10173
2064
2416
1030
7760
4989
10068
7760
9547
2927
1030
4902
1160
87
9260
8269
8695
5015
3991
9604
8939
8177
10095
1419
9257
5893
7535
6501
4880
9957
410
625
3422
6903
1347
8194
1779
557
2897
1057
4337
6334
4902
2816
6607
2679
3515
4077
557
5579
9143
2259
8871
2738
9868
9267
4416
1747
1266
5395
1879
4791
1885
1180
8871
3895
5927
112
480
9260
5139
6606
8528
828
7295
7646
6465
8909
8939
1132
1102
6121
6008
9621
9968
4538
2064
6268
9374
9528
625
8909
8230
6422
5898
9066
5425
2966
10016
3458
3360
7654
10016
394
6678
159
8528
5073
10191
9658
7366
7834
9536
3527
2059
740
10140
9181
6526
8777
2982
2542
9903
65
2416
5964
3507
9216
5778
4615
611
2542
3338
2174
8387
9293
6268
4615
3141
6833
5405
2669
8038
55
843
1985
963
2174
5073
429
2542
6037
7846
3462
8194
2922
4098
5013
8381
9143
87
3141
963
2174
4199
4599
9708
5287
1747
2725
1980
4154
3684
5453
9
4346
2064
4418
9986
3077
9040
3535
5208
4902
963
1873
2688
963
4204
6978
7611
521
8930
4247
9489
10016
10163
8370
2002
10084
1432
2809
3812
4337
5965
10016
2996
2064
9903
3812
9224
170
6988
9708
8818
2174
8163
10173
8975
9053
8930
159
6781
3709
2259
4043
3288
9362
1873
9853
1702
8871
9702
2080
4615
9
3586
87
6451
9547
9107
7366
657
9660
3586
7320
10031
5287
3624
1261
8528
7519
3047
2663
9332
3112
9732
8346
4615
3277
3141
5830
8247
6334
6471
9972
2832
4902
8528
9708
1102
170
4553
8193
2725
7869
7156
9708
963
6160
9260
5600
4599
4279
1777
3954
2847
1008
8162
3268
5007
1873
7163
4655
8482
6405
9079
10140
948
5364
7866
55
8954
10016
4149
9545
2174
8381
2542
1619
10000
2242
491
2064
3543
6405
87
6434
4902
6678
3519
8956
5740
8177
132
8218
8381
2671
9040
3141
1747
132
5029
1944
6526
2373
9545
9965
7297
8871
5740
4279
1879
1102
5254
7535
8433
3806
4532
4279
4675
9903
55
5607
8924
6471
10120
1702
5400
10191
2356
1737
3563
5139
1102
3586
8939
1754
4118
319
2080
6334
2922
1678
8855
4772
9735
4816
5964
2832
1745
5139
8909
4613
9155
9040
3135
8054
2663
482
1350
730
4546
9903
410
2356
9260
4301
8312
6471
8775
4737
9944
6530
2252
7653
6017
7834
9040
2048
40
5039
3988
6148
8266
9708
8381
1030
2174
7119
5453
1807
6254
4346
2080
906
8089
3155
3445
963
2663
8433
4222
6451
8253
2174
4963
4767
4164
4220
4989
9708
5898
4222
7646
10192
2174
9040
4077
16
5073
9009
2542
963
9457
10160
2472
6501
9355
8909
4887
963
7519
7834
3758
7771
6405
3286
430
9320
9708
6274
4199
8482
8155
4348
7344
3043
4772
2542
77
2064
963
9040
6090
2715
2174
5039
7646
4476
3170
7355
6102
5399
6114
9040
2663
153
6160
6334
6148
9189
8068
2064
4871
9395
7085
730
10164
4199
7521
7182
9903
55
7658
8949
3288
5964
2953
429
5139
963
7086
8266
8844
7684
1040
8482
6405
1844
4615
8939
2671
2800
6268
8884
114
9143
5940
9621
993
3422
1602
7565
5600
5600
8433
9969
963
4932
2542
8528
6422
2398
9040
5405
8871
9598
7535
8269
7646
3519
1878
10163
1333
5579
894
8956
2259
3077
6427
4880
9326
2922
4566
2583
603
1057
2104
1737
1857
3586
6268
6931
6723
1500
2064
6148
8149
1102
3527
9708
3266
2542
1747
4483
1064
1436
9284
8871
2671
5774
2679
557
5585
3586
798
8216
7371
8537
5927
963
2149
413
963
906
1509
5497
963
3268
4305
3991
7834
5472
2109
4204
10191
1432
2236
4532
4418
4963
4615
5029
8162
3462
8954
3586
10173
8230
10139
8370
2454
7112
7112
2982
2502
8433
672
132
1602
5150
2064
4559
2542
4899
342
9165
1200
5600
2663
2178
8565
7320
7957
6148
5488
10000
6526
159
5774
963
2263
10169
8517
2897
2469
8930
3991
8381
5848
2542
2064
3586
153
5996
531
9004
4615
3586
1180
3462
132
9040
2149
1102
963
77
3268
482
7846
10160
692
4767
7295
2922
1079
6501
3258
10169
4346
1038
625
9861
8719
429
1064
8079
8381
5784
6606
8381
5609
7061
9619
636
5784
9708
1030
991
3422
3141
750
8004
2064
9647
928
7535
8909
3029
5600
3216
1908
3726
4264
2143
2669
4772
28
3288
8528
1334
9724
8534
1239
8416
9000
7086
9708
2713
7371
4380
255
3338
4346
2559
4767
498
43
6405
8534
8420
3170
9619
9936
5300
10016
107
4065
5964
5039
5039
9708
6667
6465
5266
2109
4613
5453
4096
1702
2726
6080
726
5453
127
3991
843
5600
8939
9815
2927
9913
8871
9921
1040
8224
9040
2688
7751
3563
4553
1779
3451
1160
8433
7646
4615
7354
7760
2122
6080
9181
4451
9657
4204
8340
9868
6471
963
8975
5382
8230
6487
8537
5633
5891
10104
2048
5778
8560
6978
2259
5206
9657
1428
3563
6434
9957
5667
3462
3047
3519
2663
3568
7535
2398
3563
2190
5126
963
2080
3399
5254
552
55
5399
906
8038
2153
9708
4902
7320
6833
255
4247
4791
2542
1798
2542
2174
1908
7834
7363
4150
3586
8370
8431
4767
2186
1905
8929
2398
3141
1624
557
7439
7551
3522
7834
7114
9355
6148
1669
3586
9921
10016
8939
2242
8789
9362
2679
3462
2048
7458
1347
7646
4546
2454
8381
9868
4979
1254
7404
9489
1139
4615
8772
3449
6809
1057
5158
7061
3360
278
9554
5139
5871
10163
5150
7371
1197
8954
1519
9079
963
2738
9040
9815
2064
8381
2002
153
7119
10160
4767
657
10163
4150
2542
6008
7834
5364
2897
4043
963
2242
10191
4164
7653
2398
6526
1669
3211
2699
2897
2828
55
2663
8871
2174
963
10016
7086
1801
9800
2174
9165
2150
2671
1669
8431
8213
5399
1885
2360
4428
6903
5718
5778
3473
3141
6121
4653
4473
6526
672
4615
2800
7864
1779
2354
3519
703
5965
9009
6037
625
9216
1524
87
127
65
6700
5685
4803
1436
2064
3978
5850
9000
8655
9708
9708
2663
3527
8871
9073
3992
8528
963
2897
3523
963
9708
3586
2671
5600
1632
5745
339
6121
2542
9702
5015
963
8871
4782
1663
7119
3290
1801
861
639
5173
43
8433
9800
10084
87
3858
5600
6148
8855
8193
5127
6359
3473
672
8295
4065
10162
159
3507
9735
4305
4880
6110
6121
1777
9708
4645
928
3794
3684
4902
1524
8787
9853
611
2542
3522
6667
9470
7476
8875
6781
6833
2234
7119
9212
9735
1913
692
1408
8194
1428
4810
963
1102
1124
7457
9212
5399
8871
10160
9708
3268
8871
730
5139
4615
9547
9708
7745
7593
2363
8884
10162
153
7085
9362
9944
5150
5964
3284
7344
5927
611
2174
6121
9332
8023
6526
5907
9083
9078
6405
8655
10016
168
6368
750
7304
8516
55
8370
4349
8253
6121
963
10140
2679
6121
4737
8370
5936
6036
720
7061
4546
9355
8955
8193
1421
3445
3431
963
6036
8929
2079
8216
9708
3507
9868
331
6607
963
6405
963
1678
6334
4655
4118
2178
3808
8853
5029
3936
945
10000
3399
6112
5964
8807
2259
7611
603
5893
1827
6269
5139
3338
10016
4154
6243
603
639
9708
9004
3812
8216
10000
4164
963
9445
1654
2688
3620
4453
9708
9143
2542
8705
8775
6753
3563
557
7225
1873
3431
9078
9913
8909
2819
236
1206
1364
7866
9658
6405
5039
833
6899
3507
7354
963
5965
8266
5745
5892
8482
3029
7646
