52376
54595
17947
76836
55582
75427
43963
7243
29710
25784
73646
63527
41728
12902
10381
7186
46515
72033
39537
1938
20846
57976
76922
4349
4132
9369
19352
68954
62807
12169
10759
42628
71685
3966
44144
15209
75902
16571
50010
75680
53400
33844
27479
42746
49135
80300
64277
76596
3124
74738
12272
59044
76167
39809
26970
76981
32150
75693
79185
42689
23964
23642
18503
46632
73206
51453
56016
16026
38154
74887
42511
13263
73750
13144
3617
25877
61410
68650
21075
18653
28489
13779
20602
45825
55362
44898
36090
8496
79130
65167
80520
19361
15827
44427
64759
71233
1872
32317
59985
37988
21741
33350
71260
50201
80125
18549
21920
38887
48383
67073
72713
59118
47033
61287
55563
75470
64829
4053
30628
13704
8867
48875
58418
64060
19175
47063
56970
47612
69854
21085
37825
28171
60436
36035
61572
20653
25117
49062
33541
63557
31733
59295
74882
48070
15460
50647
19369
25955
24392
67348
34511
61978
43890
1714
68019
6589
63568
53889
68061
76683
18243
16229
22239
80203
11629
58106
42393
77286
11238
62510
34736
67729
10548
32249
32811
52809
59284
59582
21836
66354
47870
75391
72706
22072
46433
5437
3665
40247
36991
75474
18563
16377
81516
51346
64954
53271
33378
64815
72143
61274
12329
29438
1281
69323
23736
27761
79537
62029
50719
76233
25586
57389
18296
31234
13521
5809
48621
22522
54681
25681
31422
39661
12736
29422
46568
42657
19724
48084
42770
5327
25323
80892
8249
41287
70388
19037
34379
22863
28391
28052
24805
40848
73381
48806
47700
27010
69643
18579
42878
7636
72314
76696
54963
10928
39043
8865
19012
61747
59222
78149
32247
73486
59623
12914
1103
44882
14354
60331
21908
29239
33768
33314
3067
30116
56708
16171
48129
17912
38569
58862
34681
42260
16927
72673
29958
2874
68028
71284
42894
20180
25728
72643
43423
23491
71535
51400
42662
48477
25086
61264
21135
31841
46963
71790
53885
56931
32714
48434
35064
29243
7422
58113
70945
41096
72595
28164
62749
43149
35826
2555
43719
8619
68922
72837
47004
62389
19016
65754
58765
78894
70555
19026
32186
33646
44985
50993
11786
14412
28252
70609
18340
48378
28533
56032
22169
2266
36328
64469
58123
43328
52534
56259
61989
38505
78087
4259
3613
40369
74909
54971
71255
2327
66512
56455
73359
38523
2209
17983
12051
1148
16203
33317
1759
1534
2731
56271
68833
45194
9915
50026
21404
22028
32374
36679
19658
2267
57942
21866
57417
30497
33765
38095
79378
64135
50438
4494
6562
76448
48836
34420
2964
15106
76717
71819
42868
28709
45907
14166
25249
59035
23431
30398
41110
12947
9969
33162
27759
12366
57313
30675
52742
75734
14754
38871
52226
13279
17156
46373
29728
9337
69690
3111
40737
34569
25333
41222
46465
53747
21816
29577
60053
41299
24425
78665
63079
55125
13854
21638
40492
58637
69922
61817
12536
69872
29129
36681
27463
66685
55007
20825
8667
32023
39009
44185
49314
21968
17550
11004
955
48215
50251
58585
46306
45016
20385
12742
72419
17148
59632
68993
15141
10771
16637
41735
65057
40072
45177
68505
29125
18038
2352
60346
8330
8670
21320
10359
63605
26005
405
47596
41547
51292
67288
71286
34368
15290
16588
31478
51504
19227
53753
36992
54343
23245
46490
72318
71213
54920
56981
71515
67555
30998
39237
39529
56451
59684
10872
55970
11516
78487
62417
8567
61473
33010
22835
58426
27301
35356
79887
47992
66694
27207
68554
34428
11679
76253
31167
8322
11205
59481
80204
62727
70995
31133
5060
2529
80882
15435
8439
51318
28583
35380
21606
29061
61777
49865
51892
13244
39588
69139
61040
60442
74127
41103
60183
9076
10361
37515
63717
30317
27736
55650
2804
3184
40004
66183
47952
16021
27002
74103
24914
30263
23470
80743
11553
55412
31420
13619
49943
19281
5735
576
75438
66488
69995
3373
417
16271
51339
46120
6070
6500
65861
63915
20964
23242
22634
29297
74966
67818
65984
35640
18700
32553
13190
46151
80380
75842
16515
76737
4803
71902
77500
2709
5770
57440
19503
53070
26829
32404
64481
39657
71079
18818
66189
12678
80411
14418
56257
29044
47316
73230
2019
26381
34087
23053
44936
31330
44095
53308
32812
17420
9163
39202
41348
68905
20685
67533
74807
58350
17724
4571
9972
35368
43961
46567
57954
20903
35261
64797
10303
81020
55761
12231
73841
39805
42166
70171
30346
73229
29062
23259
68945
54515
4152
22793
37784
46159
81133
17002
20947
71229
38662
27018
29554
37220
76617
8699
24082
80918
10374
39699
7992
19630
70402
16564
46378
1994
43142
42197
3660
61830
14746
69655
28702
28142
70230
22998
3579
31149
66684
58567
52629
33566
73705
38879
59314
33796
70515
3099
39470
20633
70898
78336
76953
50239
55500
52347
74967
46736
17410
52670
26466
68426
43811
15954
61947
60362
76456
46239
78029
65093
79873
25667
4168
37668
66161
31033
75414
68592
78160
65120
43490
66288
80439
62183
68188
54017
41943
62802
36634
72714
49985
57962
68745
59912
58440
21500
44363
18035
67206
50545
61749
52092
21154
57045
61967
71196
34821
66134
49905
40445
70747
22648
35303
8159
32489
55951
23919
2080
31858
72094
73965
46425
30599
728
71427
81391
66587
75475
20530
67934
45820
7184
53854
19791
15536
21651
66151
10979
63743
44616
18369
64740
76614
9364
30278
42711
50294
11803
19443
64046
5660
9624
17525
71217
81660
10861
17046
23580
36245
22913
24696
21429
57037
10962
63560
65106
44639
74247
52147
70399
15934
36056
57732
52392
77041
45266
58125
53127
40137
30090
12171
57662
6629
43749
69646
55427
36192
72149
53483
6078
22710
24524
44195
49691
48762
46479
56356
76161
21607
51324
57823
26024
47729
39448
18644
29637
51876
22335
38316
41353
67597
9268
10227
58080
58310
47169
26891
24510
65969
11176
13762
19862
2719
3698
17813
44912
36750
20036
17756
29872
62941
74384
42981
66347
69487
51398
65453
39921
69325
81567
45611
43276
75748
36413
32607
61769
80392
56747
44323
29952
17242
57067
53176
23202
3405
73844
65888
51104
65784
32070
50926
68488
25517
6019
80179
20768
51328
42741
62079
76243
18513
74879
4219
76669
32237
20978
42881
3175
68928
25189
49212
2453
44566
65416
39593
4880
78455
54929
71555
8596
4891
52273
33271
20708
70068
17527
66032
14852
3927
71424
3438
45043
10421
49777
9911
68142
23337
2831
41908
23780
45453
52445
45930
21537
43652
32497
54935
44652
6158
33841
46024
71080
3010
32916
74851
22962
78190
22174
73131
55074
45761
58437
68962
61348
74255
32849
39888
61409
31840
46256
44515
41892
78507
36670
79830
66834
23366
33114
10140
40323
20565
44070
22861
4048
46840
42863
52031
76949
22667
32368
10164
16826
18796
66686
50667
35154
71626
45445
50469
4159
65814
72396
21106
33921
55014
22167
56781
65412
26087
5181
20227
25165
50471
20451
72879
52840
50052
70973
31619
13236
47122
27971
20762
51506
41056
49929
5667
63230
40111
12364
3108
56748
9262
9016
1310
17886
18662
14641
69087
36246
41975
41641
34788
42041
38716
62204
6123
31532
80590
75605
15400
75534
14069
40854
74635
57120
30464
46208
34854
50868
19994
43263
42144
63598
80700
80253
54068
44329
60185
14116
11658
13524
42001
40521
36927
37462
57629
69284
70364
7012
81627
60285
2357
50580
56629
55822
19947
33183
24786
2444
54437
32510
71957
54027
25977
33069
10162
70778
75994
19141
61588
77212
6881
28822
71476
41511
3316
31404
24123
25206
24051
57206
44996
35076
78767
80720
56466
35984
21663
75522
66078
11195
24002
67878
50394
13370
6548
64753
59378
60159
311
62628
37276
44789
8855
28417
56920
47041
30548
11566
25297
79362
51215
39002
8441
37423
36699
12235
28587
17094
13563
55716
2878
11200
59375
12397
65890
865
80301
54672
10100
58751
22693
62207
17017
56626
15813
16497
61240
16985
12581
10793
30655
3910
22220
611
67581
75148
27620
76621
21991
12142
51013
2369
78299
72610
11969
38667
52405
12498
25787
61076
63202
26764
28624
63493
45063
49808
42123
42668
25619
76815
2348
50067
3073
35797
67591
56170
9759
3477
49334
36657
49559
6191
30245
42542
21802
50947
38821
60766
10934
14735
36339
80840
24482
61363
2084
73297
69877
39026
80051
1563
77505
54173
36004
14027
24186
54340
44204
74584
16732
54756
21146
13302
73357
8987
34288
63896
49207
1564
61594
32011
697
43910
16292
25274
12223
18337
57813
73848
63310
70691
34055
13657
9846
50039
59668
10108
77374
44890
17149
21201
77123
50486
55603
34556
18170
23522
70168
57439
36377
77173
30927
39979
103
74518
8164
47468
70800
77751
43029
49295
33393
80314
81353
3812
31358
37737
43801
17911
80122
78649
4083
63780
47079
25134
75254
54703
42691
17452
60699
50594
54026
59287
67481
34882
4334
73439
4249
5297
75327
43506
72297
58167
45623
71134
78840
46843
17547
59607
76087
37236
60123
553
23584
50781
53164
17174
27780
75037
13070
10035
43344
19646
69962
149
54821
78826
70134
76930
35046
48255
57947
66578
67430
56192
75252
42971
28218
6950
3968
54064
67043
30445
61401
60649
35691
45657
47607
54240
58248
23168
48182
51438
46246
79903
23154
6673
31045
68900
47219
49508
50822
75707
56309
52874
61660
49486
3846
64665
55132
19469
56769
41926
49973
67463
67231
12737
43976
77449
54809
73535
5180
79965
57836
61360
30485
56493
53505
14979
33850
73755
18018
24875
14912
69502
9616
40279
59174
28003
63353
25890
31191
37384
31864
51590
70795
56599
22142
10708
19323
49011
79114
78559
23802
20375
41133
33524
55364
21586
34194
78361
75623
57010
56075
81273
77117
65723
38329
51668
13353
46475
64252
46860
80167
13942
15384
10420
34254
61924
67346
12476
46805
10999
71567
1217
68817
18408
67677
43953
81059
47709
69826
43730
14169
79009
2669
53205
65570
55053
68541
62633
34794
25568
75030
17335
14955
69047
58597
16597
51310
41007
64368
44471
51469
49759
66956
71859
47851
44
73035
22388
79622
55255
39523
47817
78952
4263
619
29405
21565
62250
47531
6172
20470
55725
3121
72414
75656
15782
81
6642
48418
79663
74143
40179
7906
30243
72022
37625
34089
73530
12970
6100
17529
64967
60948
54851
69347
54635
70429
34810
28683
57878
52698
28720
8702
52974
17935
73835
20637
74649
29226
79653
7676
3201
81039
69190
51116
35702
74679
72759
24118
62386
81786
13354
17371
73489
43724
67631
42762
25283
78963
33901
81232
47069
65955
62792
71603
39739
48661
30661
27510
56844
19627
26630
40276
40443
74299
11905
50888
81736
18826
55960
70722
71920
9667
9123
40661
8234
7824
61945
79215
65829
55953
18528
26589
7752
25122
41132
52583
24009
79882
7756
18211
75481
75098
60776
14797
31563
38903
66714
52412
2247
41678
2595
22540
6653
68176
41081
12085
32571
3470
32679
73958
68181
38456
44239
14447
30532
47861
42389
14660
11851
17091
32480
29534
21954
80072
39312
57027
32910
66320
44872
61539
8849
80885
75197
33891
78698
51357
36159
69552
54259
27633
16258
19684
34682
14749
51177
34582
3830
13520
60307
29142
70822
57223
27565
58961
50109
23877
79430
70736
26009
73805
81477
42948
21319
23797
43147
18837
24065
80326
61239
65999
45888
62730
4958
13211
57720
73005
80334
44359
5230
61938
46038
2028
61942
28966
29366
15084
36545
79904
63216
22583
26074
63187
32784
15878
70049
78658
73818
64361
29651
57591
72886
73730
5093
1617
65129
47299
20463
72338
25914
55700
32506
68500
17723
7121
8648
52493
9932
280
55307
59710
72520
12558
19638
23046
4418
73794
67210
1005
75484
53470
23057
65324
27999
23507
15578
12541
49172
10521
1155
21678
37631
5856
1582
72826
67347
72065
49857
12325
76370
4576
17849
46951
60974
42443
63586
68866
63199
56597
74083
14846
8386
56507
81719
25627
81779
70362
50953
67758
47818
56791
63484
34946
80701
10238
49576
77560
39274
47427
41534
18708
50048
80186
65518
29999
43122
75614
16925
14630
35920
76431
6054
79517
46769
5132
74629
3167
44640
25612
62895
41467
52451
6064
24274
2237
67961
75642
21427
33522
4013
39140
43528
19413
26688
75845
78340
47657
38325
72113
64493
72213
72354
14906
25606
27240
13016
58502
2065
71209
8462
55995
9621
1091
38835
41377
10566
10679
31124
72195
32210
75782
52207
68279
9852
62481
44171
80035
38156
60044
58300
26140
49521
54060
79501
31567
50444
76037
26680
14186
68162
75152
40233
42778
15475
53161
27517
42721
69263
20963
2658
75554
16064
25153
67514
60242
4237
2171
41673
79921
19509
81805
50989
60817
19177
32275
233
12705
11817
1235
73991
35647
10574
69316
41021
77946
64522
61780
77934
68773
16093
32965
52506
15832
78571
48032
47044
57131
17208
55116
14061
63823
59926
9101
26255
33770
34264
17167
68383
74563
61104
49864
56644
81052
15612
18852
78049
26906
17151
66172
75365
36480
56097
64357
37294
64308
44168
5981
41009
28434
28078
24768
19978
19603
33686
3300
39296
14841
70553
29491
59425
39034
11414
54287
71560
45661
62277
49239
22456
25636
75557
31566
42658
51382
35469
44259
81529
54396
13645
59457
17750
34980
29993
38747
243
67064
36659
44567
48952
43806
52685
11045
19232
13394
67029
42494
13153
36454
57277
11510
79321
37505
33128
36941
31732
25791
28124
23412
30967
48569
23456
55123
7510
19160
8091
905
3228
55426
59469
16284
64686
71933
78816
70507
52986
48328
67039
60905
71908
8136
17309
11053
67420
12003
66579
73601
49430
55331
16185
81609
53269
80776
55180
17898
19548
50427
17216
24613
48965
67612
21962
59009
36058
74191
46681
32064
10434
15592
72346
25893
59411
58865
19480
37700
44379
16212
66348
78706
74086
18125
2110
22864
38232
34819
29305
31541
23818
72907
77022
42972
31070
33027
76590
64112
47581
48940
26785
27823
36705
61494
39606
32667
24217
81054
29655
24844
63246
24258
70340
26828
46569
29945
58045
8714
76079
46012
12296
79090
33539
39477
41814
10149
48177
17424
8783
81823
14280
58761
41559
52461
7610
59754
69619
17356
23129
78873
41645
54602
63336
23933
56842
45786
46739
15120
34405
72116
9642
33553
30482
31239
12510
24826
80071
65923
45814
55755
80487
682
29709
40927
66193
39142
14558
81202
81015
53210
30352
32917
21951
44374
70980
37653
33718
51435
9709
62227
41253
42183
4022
61093
20285
58921
62734
3529
46305
78492
72447
67827
47964
32136
60551
37858
57228
81648
54833
18030
69630
45552
25640
44592
1621
42937
4058
61154
77235
57889
50695
70444
50524
41662
79025
32228
14121
60811
66420
25768
66223
37408
30062
6135
73228
34450
3974
68444
6804
41514
73397
3718
7669
71802
22396
25032
51628
63329
72528
9302
14729
37047
1366
7570
12913
43764
47910
71479
25256
3655
66534
57636
79068
59485
76655
35600
41743
46384
70979
33837
26433
65586
14219
63042
19163
74486
21899
20127
5824
55896
38028
29278
49364
54385
30248
25737
35885
54509
77508
60144
4637
28454
8933
74337
32947
32423
43635
957
67123
55103
45377
29897
71010
44763
23155
64922
78678
70309
18417
69000
15677
37862
32437
30101
3693
35872
58536
61126
70237
60908
72319
58142
16755
41401
50519
53903
14622
69289
79027
20654
1489
53681
14614
63562
65940
9071
14703
596
56236
5493
80642
36643
63903
24988
38895
49299
17249
24027
74805
53948
50271
51819
46413
80050
27881
51167
39590
18824
76652
37750
15644
12230
48929
26181
703
23226
27103
24631
64770
44242
52184
324
28381
66058
29994
53093
44744
53340
37407
35519
15232
18020
8859
38233
341
59601
72289
59050
23296
73498
23074
52538
29076
43338
14345
61728
18755
74289
20604
131
29447
52231
74453
55339
29264
58423
17592
6220
53282
78709
56111
69699
6086
76212
8947
60775
13372
53476
32883
4104
22545
64814
10570
47157
30574
19283
64733
35759
45273
53510
58498
15139
21398
61711
69748
57082
43094
61652
37214
18431
23349
37355
64931
70434
30773
5724
2153
46676
45144
8635
63064
3537
13019
5014
3403
14923
19342
48261
64823
2351
58253
69310
14724
65536
68961
31172
58947
51781
79058
73393
63469
63675
78458
43554
42210
77002
68469
22463
29835
34767
53288
23744
72902
72550
45175
281
42055
57125
59663
78028
50602
15661
35178
43498
55111
49464
79941
35827
15070
63340
17997
9540
81397
66299
6425
27067
17459
11776
32786
35372
15942
1361
60911
48271
11128
8055
35884
27910
53594
49487
76775
68472
34277
64708
24716
41079
7706
25459
35558
29963
57812
43855
44289
47936
64160
62504
53880
75298
9408
32941
36089
71019
34037
1263
57798
65123
22435
13002
80979
26064
21754
36398
59084
3577
16558
39232
34472
78279
21399
25669
1998
66257
38437
18855
44709
28443
55033
32588
18696
69859
42866
16000
64326
52219
52744
32313
43133
33521
33268
66637
9666
48512
35434
70485
50831
48283
17361
25529
41190
7108
40331
39750
45075
79460
22829
55515
54607
38031
65203
53568
10105
51258
41083
43089
54704
32802
53927
68325
46795
58632
70387
64960
40088
17066
24609
26912
41029
7540
23024
71471
20423
33220
33458
14838
75269
47480
69553
38715
1820
46905
3558
55099
35148
26269
38339
15640
5392
27544
40937
2101
18738
8450
10283
16164
69530
52155
47641
9547
53925
27841
25188
56477
29216
51449
71235
6815
66689
29231
10348
9081
62318
22673
29093
63448
19266
7513
71470
31525
16538
80329
6901
34500
28667
61962
36121
36185
13062
64040
73066
41836
27186
53438
63726
17463
28363
74950
16921
26945
27813
16235
55648
27872
17861
2177
67641
7402
1517
58021
63260
58075
18678
81420
56776
8263
47840
39548
52096
25445
72216
14473
8113
64279
11754
54612
27172
18341
5786
9088
11518
61460
68127
54817
39732
34339
77381
59040
31383
58700
41489
37728
74622
37140
55344
3444
3399
5651
40109
2173
36227
30148
38598
61138
57382
68766
23220
61275
36594
34973
72320
79641
69780
5116
75275
43563
56794
3520
55581
12496
49664
73320
11664
54185
5849
67381
16743
12618
68676
11639
46822
24124
58643
10394
6830
68254
65931
36382
79189
64804
74995
53730
72513
37672
78800
77694
24144
6986
81831
237
32116
20760
62185
23413
80488
18522
76709
27303
69110
47114
50460
6287
12055
44502
80278
58920
1782
12437
10090
4606
75882
65846
44153
56197
6198
52906
79908
58588
44208
68153
68052
81037
10322
79232
35486
34606
21407
80250
76339
12544
22597
68030
6627
25359
49352
24314
17783
64551
12245
62275
39709
35726
17159
27941
76178
18180
34137
63185
58107
7628
29057
63628
41877
52913
51550
41031
59650
53370
63802
75156
70956
16106
53801
48503
23829
847
79361
31451
24630
47193
77987
79388
1990
80407
24310
2697
49134
1900
53284
29754
379
31692
2798
73477
43110
15575
46723
29081
9222
30133
27811
72427
47055
37216
17393
21623
61165
64618
21526
68268
63424
28338
54537
26245
69657
46947
44913
41240
50037
4099
11498
20217
69700
42191
66641
21992
61061
59332
1570
7885
69656
210
40685
52141
14359
73092
6544
44146
19626
49546
335
33207
8642
43231
77716
31998
67128
57008
36308
22298
17383
24972
27388
258
49863
73521
45739
2280
23183
20726
24850
56357
9922
48137
28048
48599
54748
69622
7349
25545
21696
49596
72375
5583
9771
49066
53675
31062
34146
75826
32781
56727
12273
33019
74239
23272
38791
41676
61130
43442
39207
41295
78183
56509
22430
56098
3467
54421
45383
11899
9827
49907
50574
16224
77064
37946
73262
9640
24514
33462
77276
32516
16
77129
23990
71234
52799
59591
70246
29497
57416
25907
35199
48500
55786
51517
14897
72479
77861
3603
31653
76461
14676
6669
71208
46041
3986
57022
1807
64865
43121
15701
36105
79596
57236
69518
50113
47686
76661
22186
68897
37218
27873
77377
44128
964
12923
67759
50319
8917
15234
36512
50138
75218
53714
64595
3659
27739
73453
67836
54739
43504
7094
9072
60669
34195
74128
10836
73043
46890
49682
26102
73231
55853
37011
2421
5066
4698
43134
14978
43246
30811
34943
2802
52764
36434
53591
61435
15381
53590
70967
68163
80173
15288
63431
28153
25631
36828
17665
693
48637
62350
21644
22157
19815
7747
22628
44538
49035
28297
70255
14157
33832
47059
59864
42319
30231
23286
75372
72861
71439
78927
53418
23131
8538
75993
79649
33017
3909
24874
67240
64919
79774
27577
53565
60846
32152
14564
47779
27595
48657
8433
66972
757
2761
77532
37395
51670
43866
7830
11772
67786
65716
15343
27257
13525
36110
19958
15130
74394
16552
1197
65027
14958
69133
35725
75118
9948
55049
21069
16657
56315
42343
45360
8468
2364
18428
81455
23176
27655
55092
25563
31676
79102
27250
41330
40569
76321
8034
20953
17310
23291
42080
63854
18222
19780
81836
80478
66734
10334
29130
34948
25384
71277
69950
55981
37134
10724
80232
29562
70197
79188
72868
53439
3639
48214
63820
19391
43845
68097
77264
70805
1978
2739
52427
78713
22596
21311
29355
22326
4970
16341
19298
44381
28027
17272
23513
1439
34615
51088
5917
3783
24057
17214
25121
50050
75439
66397
59792
55950
74061
43047
64790
66268
9117
45227
74592
58235
32079
8290
44715
70565
25340
50806
50655
19421
73492
57643
73995
62637
45904
49298
26133
25973
30991
1176
72636
31577
6463
7274
29596
20413
7420
42895
52863
64441
57608
24788
2182
25772
52287
69945
31677
20118
67248
5049
4676
53254
35903
65169
28616
24476
43701
72470
7556
32870
77396
28087
45962
8633
6397
67320
51271
31662
73774
51293
20063
58277
19006
58060
27028
77588
57030
17820
7698
7146
30009
7594
59224
20773
33797
58500
55679
11114
8845
15099
43195
12118
81288
14213
74022
28995
2763
75122
23995
26440
17120
69207
57299
31853
60896
23980
8549
51823
43462
2121
11181
48547
2982
71461
7515
80693
16905
35470
15937
26517
18530
8708
81209
26284
28497
15840
20236
60566
19459
35688
36073
70950
43898
41574
6162
78835
77915
30361
46255
14586
75360
30043
2397
70153
49795
36174
80502
41930
5057
70296
7300
59486
18284
25695
25552
66445
10465
6342
12714
34001
45223
44464
5589
46369
50093
81734
22598
45594
28603
35269
10188
52711
80344
46933
37521
69653
47762
10997
12888
74490
43877
77642
3595
46138
1491
2733
43555
2759
6575
29583
68283
73305
24360
7258
81161
52403
11839
21132
76900
26296
46659
49734
46085
72719
49310
20454
32640
28322
10284
66826
56077
78168
21626
71699
56673
24800
37280
38951
38448
19631
49278
6639
13196
61196
28737
42136
3890
66081
62236
63602
40482
14687
49199
55734
77885
80772
44449
24928
39714
14529
27235
39382
26673
77226
20891
56833
26212
55083
24677
10739
12216
72494
70269
42787
13257
30179
74975
41405
76458
1979
47812
74920
57598
4917
31556
18784
7111
61855
69539
14000
21800
26204
65513
23637
46533
7857
28367
63055
77130
4264
74947
8470
40224
12728
8581
45822
27434
42602
61421
65410
37225
76447
24791
24199
24945
33663
31095
46177
15593
54277
24838
66940
74843
80029
1594
45669
30491
31949
12699
70537
27557
23017
34075
69096
37731
76452
77806
39118
14966
3225
53947
41153
52263
18067
35112
4098
40745
76044
81863
31973
1583
35136
25003
63425
29289
43197
43070
47295
10972
72125
66721
61220
77860
3189
5400
69958
19748
40756
12694
33078
31424
13231
78757
47008
68710
59813
55621
29218
56155
18689
54441
30653
23376
12599
40458
38797
3852
8637
78603
1100
76056
81483
33590
64403
54825
63369
65319
12957
59833
18526
27074
80387
78213
51347
22078
63294
23261
73956
52837
65395
25780
66461
37840
22723
52771
23212
27360
6655
79191
29023
71440
57978
40190
35079
67575
24798
58474
11952
11455
29046
42697
44546
66188
47371
6296
58103
65701
50045
55003
53082
14711
30472
78338
73464
41769
65834
43339
49964
13800
51966
37413
9115
10255
10947
44113
21755
26273
69903
5384
44107
8781
74330
65678
66438
31001
51424
61053
43710
24353
5610
12641
60711
55292
19745
22748
30696
25865
57686
43269
39707
39100
22757
13069
40487
19000
77386
479
73128
45057
12867
34108
45656
47888
1857
24474
44953
49730
3311
53857
42820
44442
41478
81063
26073
56117
10924
35342
9821
23521
15068
26451
33630
7828
11546
48782
52775
80791
41451
59493
52085
76099
51129
22589
43412
73437
70542
11423
68547
5938
43747
9542
48269
51089
78640
76503
76944
77224
5063
8358
23018
12985
38386
76214
26612
25030
41805
74344
54591
62280
80917
67692
36676
81585
68542
12873
65091
52243
64444
30378
43071
5443
60391
39172
60737
53879
18566
53300
54799
43289
1892
1453
29040
34628
47899
66703
10982
47778
24288
47451
41259
20560
63427
46462
80269
60445
73888
60632
13468
70914
21497
29783
77974
47233
65389
76271
71111
29557
18965
44725
12244
6451
32165
24793
64581
16958
11058
50115
52004
29486
64517
40989
41161
77487
6288
5935
7744
6628
69103
24888
31769
414
53056
71223
30254
33641
49404
60286
57877
27607
22568
56102
8913
46020
44267
77273
43220
71943
78431
47491
34391
31957
45919
46478
13885
56911
74090
36723
44634
28910
38146
43443
28735
21340
61889
70608
74655
65839
48615
22412
13901
37501
30535
58470
74326
67037
67315
24448
23947
80396
55026
46778
81861
38776
33518
3805
38650
71426
57753
45241
28770
58869
30819
71698
45467
41592
44650
29487
16321
72291
79042
24223
80243
3141
13744
60355
21521
5657
12331
66282
31397
20541
81587
76062
66575
68703
45471
5815
57293
398
45585
27006
31112
19362
39631
34341
63979
53021
76659
71742
75493
58681
51891
72665
60261
31073
56691
78895
22358
2887
11225
60409
55394
70356
48253
23969
17394
70348
26604
53136
1719
36478
62769
62317
81475
27402
23498
76308
63794
46136
66930
78609
77287
66123
30191
38748
75434
18361
45010
54961
26368
12174
77688
22802
10182
53460
16197
36107
33840
4447
1827
34209
65040
64722
35963
5721
58623
54215
62756
69784
66621
33721
15703
26910
6383
4006
69454
63001
11495
8074
76397
9310
11065
62132
81653
67129
73548
28892
20900
77241
61861
19276
74785
3064
80410
39796
60081
60208
35799
50072
8087
59692
39565
78052
25078
44407
66401
9078
54207
27624
14818
50587
65359
79909
77166
70813
25244
14130
67902
72112
20099
66278
16121
41180
57496
19030
45323
71292
15055
886
49897
30412
62247
66869
32302
18860
19125
36146
47434
15800
61340
32229
24091
45619
41669
58986
33552
31436
69676
36166
77298
5776
42287
23727
67807
53977
7308
33055
60262
43835
22256
36095
67326
64559
51921
30689
36036
61345
45466
12040
9347
27429
49162
24931
44526
52277
44162
51949
72053
17597
22842
27163
58661
12588
78452
68879
24380
10390
33135
8895
72658
46759
2592
34815
78776
65301
9694
2849
50840
2687
55113
40335
43337
79612
6966
68934
54869
2515
25507
52575
29498
10173
50864
26354
33050
14578
40533
24944
59606
11554
49722
76784
32951
7796
30728
4047
66281
33563
23089
39582
18906
49583
21608
67563
11529
58883
52884
49983
75077
7382
44826
34806
79935
12891
41057
21115
9650
19936
39960
12874
71636
71729
8089
4741
64949
8990
57863
50243
56765
68997
38287
79671
23097
66862
49579
46535
4972
17891
54262
48386
6795
35492
14775
67851
49501
68886
65734
63720
76439
57179
9396
61391
77623
31097
46804
73484
21928
1432
31375
65534
76197
48988
31004
40045
11653
57525
56564
72627
15122
16894
45365
7358
24087
62420
79747
18957
66950
28574
42842
63470
75082
17225
61748
25993
14910
3086
4507
41571
1660
53937
32395
2395
64133
21276
69901
9236
419
8223
62527
69421
6141
44682
31688
37412
11075
47958
12909
77021
37128
41630
3992
72387
47552
63954
57260
75064
67700
46082
33281
43851
50581
10138
44523
38139
36319
15320
9619
29917
49885
10596
60591
42022
3922
1731
70244
69875
71380
12384
20800
71833
11856
61417
4257
71755
11119
58769
81247
29174
1456
4174
70161
4912
64750
54184
3816
3500
1326
74483
37493
73041
28368
51833
35050
30766
1369
13920
68286
81853
66317
22801
19046
38438
34987
1266
49237
24108
57282
5987
56602
67865
65722
71141
12753
9676
53063
43754
76201
24652
57220
31507
30227
29456
20149
69493
57199
76848
8993
12551
44830
60435
35739
15506
72077
37790
67118
20848
40831
33144
35226
7395
59830
77879
68629
32718
38936
52553
10234
70908
10647
39305
18743
35440
33041
78297
17326
34210
48898
43729
42653
77305
19915
3643
34726
55556
5087
68750
26572
2683
60980
56730
51166
72269
11880
78905
81177
5489
63330
39395
38526
64294
80044
30373
79611
9864
41416
26777
64780
8494
10480
9383
76460
27472
67067
22917
65929
20817
61641
35101
31970
42640
77793
63952
145
74606
37605
50181
61179
74375
29388
35660
14532
12132
40562
35514
31745
7735
22225
11409
68399
59108
62798
53098
79319
75406
18893
30711
73632
13281
63306
10539
40806
8526
45797
11364
77027
48122
29386
58052
73287
52162
5690
30405
9715
66366
78942
27928
67725
65710
51021
13005
48120
83
49656
77320
18751
63242
46115
56524
54878
17113
61912
52714
26861
71622
15015
76573
2742
4175
45313
81739
32981
18265
77790
2146
60118
68682
22627
9239
53169
62824
55421
65942
15780
37578
60426
52146
19075
61136
23424
29109
21952
65932
37411
77329
64530
6963
62379
54278
61114
2503
34070
12596
27860
55281
18165
73839
72102
13753
36280
21111
78766
7389
28645
12655
13707
20114
49032
76504
27331
59270
37164
24950
62713
53135
29249
30673
68365
41717
74356
68581
65756
59358
5771
55578
40265
50001
21066
32006
18558
47311
51230
47803
49887
62538
31748
74392
7749
77580
34078
74694
45395
55393
26404
47483
70024
17260
19224
71351
12766
40260
72096
7486
22448
22124
20304
70275
43978
15347
22106
32254
67232
58506
17517
50339
16084
33348
5853
25414
55449
15988
37418
12528
43583
17164
58104
81654
79703
2911
33455
19579
35137
72336
21641
19930
8685
31832
32676
13130
63759
68532
57218
49751
900
43095
42199
48392
71158
53646
53247
66329
52245
21255
15349
6940
52855
56560
4850
38430
7648
59676
23795
26435
20853
5890
19645
64801
34577
64192
48431
27468
7433
13791
23697
61996
79624
13234
77407
60115
69182
75342
66086
78385
78814
57943
10604
60629
22005
33040
68787
73883
50288
13745
66310
5363
11031
17454
71832
47735
4537
9531
42000
57238
31826
56958
76968
66180
81753
72630
78651
60191
81285
21744
23610
18381
18883
62408
9198
58876
30206
11724
17194
55850
8038
39694
47932
7640
27815
2795
54271
39240
8600
44602
21494
39265
60757
8241
33081
56017
56537
47476
22281
38055
71655
37702
12347
43607
80949
53997
36092
43937
80985
46467
44386
66737
32354
54336
36379
40256
37015
31131
9030
20676
32686
12078
26619
81374
14834
17923
24011
57865
72526
69509
3243
14378
51934
71206
34950
37122
18364
66277
19489
59933
19675
33386
64129
75543
20529
7759
79383
1107
42459
16154
43829
28912
16698
79532
4515
35658
7826
44768
53228
75969
7364
16192
68839
45693
29622
74386
21959
33204
34750
3030
35375
36052
31214
30476
61637
37550
36216
9719
57508
42217
30347
26729
40467
14111
26838
77086
34892
7553
70842
40035
4761
22831
81026
40073
56103
2442
62816
43362
6662
22334
40757
7902
30883
69955
76631
28591
65491
12734
39200
60068
41184
73792
40270
44236
1760
28530
11869
34746
27733
22544
41937
20957
9955
16107
74401
75846
48251
52390
19793
66727
71237
19196
15282
46852
7832
3288
42206
21432
21098
21205
62211
21901
33093
5202
80850
77677
53752
49063
63918
75115
78926
2811
26257
1844
21558
48514
80836
75792
9356
36161
81280
81443
77367
22236
22004
79805
59126
805
27798
37007
19702
51111
62986
49223
21288
79500
16783
44837
35322
45156
77136
6377
31975
49371
63087
60943
31967
46366
18446
21377
77232
18061
41866
46500
77488
79340
14097
72833
59334
25869
35191
8891
37320
9235
58644
50167
25515
50132
15407
25567
29820
50142
20684
42373
27272
30286
77369
39825
45435
7596
26053
53965
54320
15398
11613
24378
14249
59111
27416
78464
54611
43673
52120
59393
61210
25468
42280
16853
56697
23269
43002
1993
79069
7942
46713
58459
28184
35140
7532
11590
30778
37855
24823
47660
24025
23888
25686
55309
57638
44365
37817
79181
53881
8262
57225
74301
51915
38541
28608
42341
30629
59158
76298
52709
342
66806
35285
31276
60106
16116
47348
54286
66467
66527
32928
61524
73426
18027
25374
45061
63361
75811
52055
17797
66235
43408
758
9534
5518
66120
51140
10106
57668
65034
42845
23891
55655
45716
57986
19595
53512
7802
4769
9643
33669
38461
70868
56350
48791
23313
53054
69064
2857
7564
59487
23391
49843
29494
15655
19119
64392
61532
40261
5119
80480
57522
68887
69317
46564
52794
6732
34816
80136
62871
51393
40851
16879
72498
9651
55742
12494
76971
49438
49876
16195
1053
57586
48976
12151
33351
51640
81427
52637
37439
32809
59795
31139
68043
44915
71353
28000
44695
69947
30280
28079
18371
39380
49859
7201
62238
55634
81812
75373
44955
32602
38665
12353
2499
6229
71576
38993
1767
7814
81486
1653
45723
52327
25002
81349
76710
45944
57690
36940
37957
51973
75568
26779
26855
33504
69245
40758
78723
52249
42020
43148
55854
21117
42794
40208
13481
55350
59057
65612
56921
72904
47963
39514
46114
51713
60175
5361
7733
74638
25433
27295
38777
35398
41445
21831
1430
69392
72878
48558
44870
51076
21318
59636
77502
61626
56194
74439
12493
64538
59760
49995
81181
49285
38042
67313
56336
27571
64494
15598
41097
26734
15678
79239
80665
71526
57595
33264
72160
27908
32804
39647
81361
39682
74506
5773
16358
65039
34018
12313
51267
71637
43810
72188
6028
3551
67610
46179
70008
70146
22068
38281
22603
45416
53887
52565
31899
7055
70599
33242
67556
73671
1709
21116
9336
6508
2652
36935
57972
4674
22171
28355
6596
34929
64480
51379
69429
48222
3002
39011
19464
64067
44362
62612
44855
81112
4954
11861
34840
40017
71017
64382
49436
54559
3447
76730
78115
65338
77691
53458
40325
6138
64675
48421
62841
5070
30084
43190
72440
80363
52715
27043
14236
21153
51612
32518
13422
56461
43081
8969
41274
72725
80723
54260
80534
29795
61045
34253
81806
49155
39869
49951
23643
22434
58926
1359
6784
55077
10667
66322
18156
26623
20674
79842
46205
51262
40204
64407
49736
45239
64473
19869
29171
62370
14562
80256
29683
55209
75158
18917
50224
2511
69988
35895
80744
48156
70281
10751
55788
33584
32335
63299
12234
36353
34120
32623
24467
35525
43265
11439
52564
70745
14946
49834
67340
8011
48142
54426
18592
73
51499
29051
11370
16529
36435
59359
63473
19275
14120
458
40976
38499
63282
26594
24769
63180
77985
41923
60678
63011
57386
33443
45972
72995
72700
72616
20585
29544
26019
30341
77387
39904
57722
7886
42120
34327
46787
53856
26985
42404
28344
10575
51758
70672
5212
63587
5387
62848
80657
2228
5177
76517
43582
33363
16949
66321
35338
21889
49131
8201
52330
9830
15563
23373
19150
40275
59547
72793
6800
9528
41826
57692
4126
62246
27982
50362
38191
45367
66519
18100
69770
65885
52076
73834
32492
19041
11221
54959
11938
73828
65695
45734
49726
61354
59726
26459
3281
22591
36544
47601
4973
63124
1297
49989
48335
63298
56481
6303
51307
49051
21726
45252
50431
58179
30114
27061
70687
11533
22640
58919
80915
26534
28004
35424
25107
80181
39600
15057
81038
35271
74273
78943
34531
45893
1043
60736
67843
70733
34063
16796
70209
37916
61107
54337
67894
10431
36304
28617
48725
13668
7914
78569
4847
60274
29300
18806
67095
55934
68328
45948
15817
34000
44231
74419
17406
29161
41209
52537
47495
15580
35866
47485
50728
6354
25012
7075
41419
9309
74837
55334
56739
4983
58243
49629
12342
14181
61721
73238
2903
46548
57564
17302
41186
2732
1406
55719
9984
71823
3669
9905
65897
77428
49674
55620
70838
55244
68875
42530
38552
45540
56346
37669
20421
45459
46121
28498
11103
61584
35591
77228
30926
70354
15467
10455
30743
46485
59253
79741
42796
77620
58615
1975
60298
18149
15287
54788
16193
10966
24528
19381
68602
52705
50557
71510
53842
14617
53602
764
57746
70431
57430
75719
65058
35551
77434
73338
72897
15138
52474
1581
41202
81852
54422
67717
25038
12796
48355
57854
81826
10635
40566
76418
48920
77207
77004
80153
49866
65578
69688
43035
61647
26461
35416
10189
39530
13628
13918
27319
48570
79951
5097
46520
21813
27126
12594
22063
7481
79150
51133
51163
80001
16255
25231
14502
2122
80000
53352
46633
53853
46132
20179
55757
41897
14863
18041
12080
80141
21148
79809
66707
14437
63766
3499
34543
80862
72390
6332
34997
42137
21307
64741
23394
63838
64870
30386
65967
69068
47640
23224
68341
4465
51239
47720
51759
66374
42641
47744
73086
63578
72154
24620
41425
34334
20330
52173
41504
1314
56396
55562
23505
34116
15119
37467
57322
33548
19952
50284
41387
14883
18111
31637
48445
22800
18507
31301
72324
29501
21304
7560
56751
36239
9417
72120
60902
80356
4749
45384
49042
42374
34362
36097
68200
41739
80616
68180
75301
7753
42693
16133
77731
75790
70477
33514
54753
59683
25443
9052
24749
46222
60440
78903
78944
359
7244
33547
39412
27585
79991
2183
38153
2864
15736
65939
74092
14783
58705
10735
11305
40662
49529
17398
62475
17141
66968
69982
36642
34448
79954
10850
75089
75501
66657
16937
57663
1862
68503
68959
67766
45388
36859
70928
19300
79559
77598
52621
67973
40434
32828
63651
81708
21316
59698
14353
44295
52089
2999
39457
79113
76567
71647
11191
33838
12743
61597
11727
20230
18514
78669
21273
10249
57396
10323
58579
46576
24694
10845
27859
36200
54944
59389
79629
58647
3105
60255
10492
67875
30383
51546
47218
31078
10980
69119
29552
29550
8645
51930
59973
39836
7263
20014
66770
10086
5069
43761
56034
51514
41276
71965
29152
27138
29858
40675
20621
15882
61050
57215
49860
5128
59087
74037
14255
7544
32230
42734
62307
61862
80276
25431
42802
32526
26815
67588
47173
56337
43234
74005
13128
17862
14618
12724
36917
77262
9731
54697
77124
30739
42605
66951
16282
50308
2954
64541
47124
13904
25302
4822
28103
47670
19390
44285
11215
1257
62813
10936
35299
12800
33306
68638
38990
25706
63204
25453
49383
14119
18320
59502
69525
63869
75141
5233
63333
11545
2922
41463
77260
63115
7630
14277
73175
50234
62276
45254
32110
52312
29979
27369
9495
70238
470
62361
49723
27613
18993
25822
22474
42636
26442
72060
14937
11976
6040
69774
61218
69651
61801
48054
30212
69900
7652
27313
55475
2937
71316
79044
50982
34375
54812
59762
70459
54299
44454
78999
3919
67457
66176
45546
15955
20743
33911
59949
75177
36966
65840
36884
57165
45473
22280
61012
31533
45108
78526
77764
10948
22437
77541
24206
25756
14908
9433
50257
3826
49594
49903
67162
32025
49315
67377
24391
44507
40629
44839
4453
4176
40904
64431
80353
76748
37133
15497
32461
55269
12368
39549
15278
75769
53870
2413
37102
1706
33658
46924
8464
70673
7780
41423
75904
11134
47109
77143
61307
80540
5106
33006
20311
70705
39812
38049
15663
48884
71222
37754
74545
63746
68169
65991
43986
65928
43144
4054
66742
75722
49879
72168
50697
75982
68423
33800
46060
57980
77147
46072
63637
70264
35135
52051
34962
11062
66388
60586
66523
69362
72567
19585
59530
26488
67910
17830
59056
12081
76444
38211
36877
36551
46188
44935
60378
53508
27974
50436
43525
10543
45596
19346
77940
30828
60130
66014
6047
34434
5015
40738
57435
42379
35992
49138
79023
2281
41622
71912
36179
47171
40605
70456
53120
50706
14875
76117
64857
63784
50028
25052
63693
36752
4381
13770
59613
12665
49949
6474
37421
69789
11897
10047
61957
13405
52593
19425
70373
1492
22727
64841
68465
54829
10345
66140
29880
43438
69180
57446
36516
3160
49510
24577
63927
10919
45726
70345
59432
33966
79928
62660
36266
18946
63742
68972
51617
60018
1182
25672
28095
77570
19767
28711
26610
1504
50619
10766
34261
486
16997
68808
45220
27625
22181
2636
30782
30741
18288
14650
50915
75838
42102
16420
579
39623
25813
49544
21887
43093
10132
54272
49234
78269
77822
62319
7751
44737
79575
13876
20660
48343
19481
73741
65219
74496
34792
1023
58224
25103
41845
43839
45885
6316
27027
46656
28650
15971
42600
32790
80717
79698
19252
64011
70741
1931
59727
37604
4677
80747
49412
45038
14943
50412
72795
55818
6177
11586
75409
69560
32345
16152
13533
12306
34377
46201
76859
113
29318
38021
40883
34320
72298
79477
79007
71627
52278
42700
34525
62701
20066
58046
8281
25538
50478
41136
59839
1087
12666
25366
38274
40968
72537
56988
7058
17512
75789
69963
29874
56414
15319
29895
42806
14597
79045
65943
25252
55963
43886
3532
38268
33380
57003
6643
79704
28510
44664
12642
65370
37705
47962
74809
39233
60270
33051
48826
46665
5272
9583
43188
80837
57040
41198
11454
66567
71921
352
4916
63485
21799
73208
3840
47320
19156
31284
79530
42355
50779
32187
52369
58861
66276
25247
4330
17458
6218
12829
65623
14206
54679
61085
23485
32735
80765
5269
51992
35805
33660
67824
55592
63788
910
41121
70989
3713
32455
54495
56420
14736
25334
50386
53736
70922
39039
52663
29849
6621
26108
29122
5010
26480
55072
74578
41539
25700
77572
79157
26917
59767
68281
52691
64749
77816
35741
59678
14518
54616
19259
22511
31364
67926
11963
65763
20512
37430
28543
81404
16785
4945
35894
9062
44841
25819
70611
43654
2980
34045
61983
1466
13298
36566
81217
13393
79623
38424
69138
39748
671
57530
32138
65875
34847
9317
41255
11222
57413
46931
63101
7653
34312
31990
9725
17799
34490
67802
60873
77566
13743
38654
62195
78235
43834
1743
19804
44571
12144
66521
3362
60498
69038
24088
13054
18373
23732
11353
72350
382
33517
67669
14826
8578
13986
2299
79385
14950
2337
13038
44446
26206
81810
52150
41318
71300
5229
43043
23280
71195
11469
23767
25722
73325
66648
46807
41347
66955
59134
37545
24878
20432
36604
19945
64476
43048
25474
2645
11334
58985
11814
58580
40970
47597
13032
31727
16137
10457
55667
5923
74866
19522
55491
14147
56702
76649
10656
63293
56669
7223
26638
15136
44051
42819
21956
66340
59857
20898
2148
21220
21052
81725
4425
40202
73383
20228
12175
2207
68443
22929
78731
66463
53429
31534
70496
1913
20976
39551
39186
73672
73372
34796
61708
43020
71781
45890
62384
63157
57011
66498
55910
53355
76372
24159
39672
50480
59223
7064
23380
49590
12488
6612
38096
58196
45780
62830
4052
10577
58827
66295
40187
62926
69740
74916
39920
3262
38964
12249
16216
35167
60374
49322
30583
78567
51778
65314
16315
57481
29282
10818
64525
44061
274
53471
30682
10969
10802
30111
59798
77784
67085
28155
11504
45249
6893
11721
71632
29363
39187
65742
55676
11407
66500
66055
3102
36299
46249
10332
49120
45974
44174
77039
54871
34492
15392
31111
1170
33150
54577
9809
10960
69587
1209
71629
28320
69513
65354
57072
49502
46959
10857
49462
39321
13206
81336
64021
13031
42112
47585
66722
33887
14579
79244
18634
36405
38750
10061
80419
66149
55265
28898
41598
35501
60867
60694
41905
72309
67749
53721
14145
5788
63911
70214
62264
10809
15940
62768
64097
7800
80339
37491
35258
8602
46828
40549
6817
19610
17591
9194
42989
69925
8686
73448
2932
45011
60926
8638
13650
25446
66
39896
4474
20566
44199
62915
40423
74459
41600
19674
46956
27706
81726
35974
61591
5259
42486
3570
5799
51364
19182
81050
54018
3358
23054
76983
11
75941
10755
35698
73260
9849
12309
60190
41117
62700
24139
34717
38311
20126
34699
33632
75958
68458
45068
26958
36241
7227
20886
65823
24188
63700
67666
36249
39942
3666
77852
29572
4315
41086
12780
16470
50195
21685
36038
62953
28426
51522
41305
2751
5266
42755
36528
48610
29845
66600
57923
81058
79204
51577
15718
71971
53197
58649
34409
38097
7988
70129
9774
81914
33358
64744
60692
35529
22874
71775
27839
20137
13133
49084
32952
41519
19986
16165
52546
45902
14652
47049
6007
44806
23987
67804
30092
72791
66620
5364
34692
58430
14029
41415
32583
40192
51331
22638
4369
38956
58301
47738
2169
71828
21603
41246
23741
30763
47655
41736
21212
69346
80140
4142
19942
80869
17945
62284
1750
29547
8229
7966
61495
67939
31630
81866
8900
20982
35561
52439
17278
27927
21241
42352
58257
13656
49768
48363
14004
4183
23765
52862
43905
41272
25923
44076
27035
81204
39158
55857
44884
50341
74959
61188
30854
41043
22121
11218
49577
43733
7435
36254
22765
38999
19339
22144
44510
42255
8216
38542
57561
75486
45508
41350
18029
66749
22925
70287
3135
38294
21597
53762
23779
25349
40861
40039
72358
26796
45212
40345
64921
40456
21488
54564
20244
62363
40324
74321
57734
16578
73905
39987
33906
27726
60597
71922
4604
64528
43405
68989
69935
2541
59557
69371
55888
23479
38481
30767
75798
4873
11652
40705
22318
81102
29877
4273
66107
36518
47443
77740
50231
48361
4946
78960
27549
9556
68119
55064
39117
12522
62419
1233
40431
3896
59140
17189
57927
47979
33585
81662
25897
50305
74782
33807
36391
48178
53560
59004
81284
49443
57324
23223
2617
25291
36356
58304
81859
52972
13987
36096
4974
5149
52957
12530
46845
53268
41643
57347
41558
58702
33715
27696
68136
81115
75430
326
10239
64942
54414
59994
1498
47854
41972
45151
20113
4338
1360
69059
30456
70792
70453
1579
43838
69008
3631
77888
8944
63680
8165
76361
2126
46505
70113
36855
48776
38731
24406
64805
42406
35518
65287
58188
58609
76265
28662
23451
37866
37388
58905
44270
50071
81021
8524
15685
13925
73658
8123
54157
64369
54855
74307
14155
24904
72664
45319
22833
68412
35051
49387
20801
63796
5282
77863
27639
69761
55148
47868
80514
13262
12835
81219
29452
55605
68264
73714
76712
62675
54267
52335
55036
11631
36898
42385
28265
79111
54900
16349
24264
6879
64602
39288
52391
43765
54162
17238
19064
74719
16161
30343
54519
12683
30232
17136
81762
20391
7288
36588
69100
74213
203
69743
54273
43770
8014
5831
44475
6598
3516
57378
45289
54403
50145
12107
28182
43860
65328
46180
53401
32443
74774
16667
68827
75742
28601
80503
10518
61125
7578
4584
11649
43959
45079
42472
78416
8044
31725
9121
36707
60596
16954
48564
41495
56771
36674
54512
29118
18588
47961
61846
46055
45035
194
19591
3598
28555
22082
40477
27353
68596
14500
10240
56942
65581
4558
11894
55647
37281
8056
26643
35565
13490
6435
70019
22997
34967
24038
4209
522
62620
21519
50783
7218
15750
58628
5022
10350
21123
2074
48277
8449
31207
29042
75544
30496
2314
9500
40911
27861
49645
19353
20873
16035
60979
56260
28127
10357
24098
57414
25139
25900
58642
64218
35555
10592
60308
73068
22576
68380
16959
12739
28031
55944
76996
31016
25375
78270
37560
60405
29102
11177
29274
16328
15754
11878
45415
26106
30708
42520
63225
21542
78994
72260
76402
30088
61634
76192
22162
3637
59129
17972
46865
37480
43385
47116
11689
19771
18929
37961
54405
75096
58634
81629
69878
8032
12563
59117
29000
11592
72583
5306
6252
35809
33569
70160
17578
39669
22168
48030
79522
67714
47413
32575
35781
20338
19400
12076
53167
62672
54624
27666
29431
46534
18248
57914
43300
15990
69434
18046
33389
52703
58654
25534
29327
54217
13033
1545
62103
18515
78979
11497
11005
21666
19393
48921
50463
45701
61977
12202
3038
68287
29777
38753
37826
27757
45207
532
66948
55794
27160
62298
28303
25484
65778
81469
40647
40917
1882
46359
16361
2231
61131
51066
7021
74275
54398
50742
24399
51105
71543
48446
57449
58742
41931
30942
25162
30794
12145
23695
4794
81532
19471
12521
26271
59182
72329
39999
52279
42289
29611
18286
12425
16760
12048
69647
21326
3702
17171
71012
22390
63676
36392
8511
1794
9782
65693
1926
55686
58867
80376
15089
29788
44513
49769
53208
49002
29628
81763
81246
5255
73660
35629
5793
24301
3778
47758
34421
56938
50578
29144
79343
32276
6327
63320
61198
71606
25856
57147
2312
69273
52252
36627
66414
3406
47396
56369
44782
31297
29022
69731
13947
19592
8396
9684
46081
40494
69960
10653
22702
74171
34784
154
63376
11927
28330
7028
80889
54247
5232
27695
30314
71467
19557
72696
7598
51286
26092
52724
24379
29480
41658
39784
58494
54374
64371
8155
62468
29818
80440
7283
28358
11185
19807
10540
77544
63707
7336
15783
41352
22488
24738
42966
34655
51390
6426
11910
16502
47687
29121
3098
407
33612
19576
29954
47665
810
8287
51044
7670
73505
71082
17354
72959
36672
71984
31803
67833
71768
54418
71201
81405
40030
61559
63160
77423
3095
57839
9245
69508
25881
79875
77413
65277
8466
52402
56581
38061
66767
77666
65095
79256
50264
60091
16561
63116
11288
17857
19728
33291
46667
66479
2156
66213
15918
44544
63181
76275
13683
34094
38431
52132
75624
5432
74013
64621
80806
68284
13156
19461
30758
76289
25967
81325
48603
23356
27890
8306
58895
29520
13913
12900
33283
65978
62547
72331
74390
56054
32987
25715
62375
37941
1363
15101
43421
73685
71974
66243
42044
63682
70803
36181
50122
10752
46866
63604
10584
53506
75890
29206
58425
44714
50726
10222
50730
68413
79139
77144
15176
17511
17863
70535
20518
8404
61398
48991
29553
5907
31391
4657
73899
18488
27123
48244
39503
68382
64800
20988
16468
80309
14060
10274
30946
80428
65182
29920
48494
60452
59769
37589
13577
15997
36666
73846
77033
25895
75185
10454
31240
47828
46896
40115
73412
14844
7269
55729
31110
79056
16474
26083
28893
31243
81398
49441
70883
4696
43952
70293
80574
73707
12976
78672
77721
60001
45595
49545
17755
65519
10507
76501
48828
31226
26453
65531
81835
72690
80713
60210
18659
61019
61374
45270
2451
49999
38270
55554
44097
28978
332
25501
53139
27994
70529
25859
31978
16655
36889
33465
8687
33943
48154
42213
25983
19606
926
76288
9994
70060
47168
80954
41359
3202
61642
20068
9259
32762
59228
32656
60795
11044
61865
27996
9958
5869
9763
27522
5516
57818
9351
13036
72429
22999
41747
47948
58223
9082
28993
49970
59936
53039
32263
72993
41112
25701
9825
20520
51707
17526
6482
45981
33818
42612
77444
56886
11779
57047
27175
51096
21503
5023
56569
4045
36863
28314
16010
72780
12492
57379
52503
12490
46268
70686
72642
72766
50916
79070
27082
49317
81506
25410
76028
56817
46991
57007
28394
39655
74069
24691
15808
60465
75418
11587
23869
27509
68527
5740
31878
38230
81136
43798
60932
9251
60488
48414
26726
64956
49385
70020
5963
16546
72278
36433
35727
17425
10921
58974
4549
56467
675
67178
20344
54600
2056
77061
75505
79019
75506
68721
32439
22309
8617
56732
75410
4317
24921
6312
41973
28780
5152
74150
46602
49437
32898
581
69168
69435
12906
34098
78136
74605
24095
14403
17870
68687
39850
29396
6891
75097
23467
1512
46307
35301
50447
35107
30182
71070
58570
38261
66731
73374
51085
47125
29153
15728
49646
60983
2665
1764
47769
72750
7686
47497
14010
39330
45804
59995
38111
2166
7506
66586
55767
685
57873
70468
93
61974
29299
11723
59258
81149
12181
65649
29465
45737
24042
21787
11276
19806
13001
26367
48530
68463
23326
21964
35942
24102
47734
313
46675
49122
52532
56630
2641
14471
63068
38530
71901
56974
35681
5455
16313
27669
60276
69024
1571
8738
61958
5836
81388
62997
11765
45722
79159
42309
59997
65582
79528
76190
42961
6573
28408
5818
30612
38619
11852
28396
48504
36369
17389
55658
70130
6206
34559
16848
65195
4241
70204
59157
78296
62163
77599
54497
62788
60096
10436
39430
50409
22683
70112
55630
882
56485
58562
34937
40012
32901
22679
49916
73382
11283
62335
23858
17003
5274
12502
22908
80735
73083
24313
28736
11431
13982
46605
9075
55957
42924
51926
16724
21324
69669
49933
72687
15416
78209
80109
46405
11460
1796
28553
78745
37442
60012
35374
58541
55087
63098
24032
3787
79219
25576
37224
51862
33961
66045
80983
76779
36160
36953
73452
18844
64051
1734
2069
45309
