10138
6747
6771
7518
433
3157
5362
518
3284
8365
4427
4826
3376
2146
7236
85
2304
114
1839
3184
1723
8273
8634
5514
4198
4096
1603
4757
4351
411
4369
5308
2600
7673
6092
9132
3736
3987
8719
6005
1776
8723
5790
2485
8826
8919
5713
4607
690
4130
7435
6241
5693
3061
3588
6083
1941
8167
8597
5617
3973
946
8976
9466
1154
9758
8319
8535
2193
1813
1227
4581
6945
4170
2898
7561
1180
1599
7592
9885
5429
5386
9964
7575
9469
7711
17
3418
8642
7369
8788
3416
9209
8866
765
2721
339
1091
9873
5718
3394
3971
9072
4712
9206
4424
2340
2937
2206
3974
3663
6061
3504
8556
3741
7470
7824
2942
631
7098
10060
549
9440
10083
2748
2883
558
141
9050
2962
5037
8843
6593
4046
7013
8868
5645
2076
1299
1236
4373
326
8820
8509
5698
1562
970
1168
1273
1206
414
8707
8242
8390
6240
2609
7917
9236
1271
9817
9590
3473
10058
1625
8227
8393
9690
3215
706
2305
2357
2081
7898
9225
9720
7257
8358
9850
2136
2144
5287
8730
5653
4356
299
6726
8335
5854
8698
1009
7777
672
2728
3817
4252
4769
2365
2977
3093
9628
6738
5482
7011
3890
4483
2763
6563
2311
6547
6504
7556
9612
2810
8361
3546
266
1092
1410
735
2750
7058
3236
6315
8053
9071
4438
2629
3353
9731
6668
2047
3148
3134
448
3562
5075
1679
3868
9779
8614
4961
10166
3113
2907
8206
9300
4112
4930
8913
2456
7615
4415
2320
3166
1217
8853
6637
8581
5408
1250
7648
8785
6949
2149
8453
36
6727
5822
5777
6058
9656
3047
3005
5789
1568
9400
8699
8384
4814
1588
9909
6853
6145
2125
1477
3306
4924
9747
1881
9984
439
9177
1921
6769
1138
395
1781
4988
3060
6178
5828
6759
6953
3644
7150
5852
8432
2811
3154
338
995
9254
3150
2400
7614
1080
4748
8422
9996
1541
4871
5412
7312
3693
5885
6536
9438
1577
7681
8002
5235
2964
3725
3818
9435
4065
5285
7147
2356
8456
8360
8811
6270
5379
1958
2325
7440
3064
4279
9730
4975
1516
2963
5771
6512
6279
2533
1998
3249
8348
9986
8538
2743
4254
1555
5769
5921
2821
916
4372
6500
1450
2951
632
464
5229
9226
1408
5484
897
9152
10085
10128
2369
1821
2323
1178
336
8780
6753
1604
9674
5149
4687
9444
8011
10095
7063
8403
5278
7199
7613
9187
4534
4811
6117
3994
8851
9483
7377
9853
3827
9867
7425
2632
4055
7930
4431
9176
1292
5898
4689
9842
5049
2131
1352
3490
6356
2396
1770
8514
8158
8932
584
2197
6829
7189
457
1903
5554
9732
2258
4974
6076
442
879
95
1116
5905
5618
6560
6877
8541
9697
1214
2606
1961
6756
1418
816
6045
8819
3935
6742
7495
4582
5286
2241
69
8510
2207
691
9128
3686
6347
2077
9027
4882
622
4133
4083
8111
905
3233
6646
1652
8379
6516
2844
4634
6650
5744
9012
9332
3465
4812
1838
3640
505
3730
8827
5471
84
2913
4134
1694
2014
6764
4475
9375
188
9565
865
2238
6812
10049
9912
2347
2594
8492
1805
107
3314
9514
5443
3917
9118
7365
7908
5417
1221
431
9286
1464
6574
4189
1274
2033
2878
6748
5422
7048
509
1426
6486
7732
7509
542
3324
3103
2317
6659
6263
806
7724
5327
9759
2631
506
9611
6181
5305
4854
6193
5210
5785
4920
2022
6786
7537
4967
6183
3932
5646
3893
1482
129
9911
3718
4327
9165
6222
1912
5987
2328
4849
4174
8318
5250
1989
6078
4243
3375
9445
831
10152
8184
2697
7506
515
2663
3584
5616
7074
8015
5142
6989
7753
9585
9485
5578
2313
1534
7725
8353
3052
2567
4916
9752
4622
2240
5489
7706
3132
750
6763
7697
5166
6570
4586
3009
5015
9413
555
8470
1387
7380
4710
6072
5747
1314
5791
4905
6604
2638
866
10158
7316
2654
8417
5373
4149
3765
9259
181
379
1680
6085
9106
4000
804
5261
1591
605
6088
6571
699
42
4267
2675
7841
4628
7310
276
6357
4936
1247
1602
2518
2230
4668
7698
9329
7340
4037
7708
8763
6837
1245
7994
6956
2701
7451
5065
1966
4412
8377
2113
10228
3322
9446
5144
1188
7196
6699
10183
2849
252
614
1746
2611
3960
4289
6990
7731
10208
1580
5504
6866
5990
9301
2710
7976
6261
963
5195
117
2764
7521
189
7052
4863
1701
8338
1828
9646
2100
9258
6407
1572
1370
7061
2664
6493
2246
7391
4400
5948
8163
9241
6314
5177
8885
2691
3499
7594
1380
5358
893
369
2941
1708
5572
3270
6729
8867
9949
357
1251
5896
102
8681
8672
4558
1841
341
4678
2310
3050
5233
7534
7072
5474
6218
4990
3254
2381
10140
449
2189
3848
3221
5815
2808
6580
5569
5232
7802
580
3338
191
1762
10200
1429
4275
3547
576
8894
9407
4273
9703
2564
2329
5155
9737
7786
4893
10102
3228
534
7088
9990
9507
2292
2918
6562
2301
9914
5288
8813
6099
6454
9624
1057
3111
8112
10008
2330
459
742
2377
9621
950
2840
7353
824
6436
5093
6800
5293
9052
2762
3690
3751
8455
7071
5725
1084
9865
2874
5668
2124
3934
7586
7797
8631
4507
9087
7138
1777
8683
9314
4443
10093
2894
5526
2019
3118
10091
4145
9637
9455
1915
2732
2578
281
4125
2276
2621
8239
9227
5602
5949
5928
5216
6611
6494
10012
1702
2450
9211
5961
3739
3202
8040
9667
8892
8624
3168
8143
175
6827
5824
6809
5231
7947
4958
3349
10090
5925
2191
375
7535
8013
1756
9513
6783
3517
8459
8339
5953
8362
2372
9924
7748
9634
8254
4162
5532
8560
3016
6419
1005
8992
3526
7269
1826
6389
7624
4825
3822
6408
1476
2028
6823
1461
5796
8175
1870
7381
5378
7122
7894
6794
235
1204
3928
2059
8342
8324
566
1893
4953
9180
9659
1734
6959
5113
130
9249
6998
6378
8632
10077
6881
2181
4061
7904
8241
3913
653
9308
891
7529
3329
9713
6741
5927
6732
3235
1697
5350
5058
6944
4711
2756
9450
323
2477
6233
1601
3941
6910
7463
5118
7290
4559
6082
1495
7966
8552
1192
919
6057
