9495
10195
8585
153
5133
7570
6263
4668
6213
3201
7525
4164
6551
8056
10215
1808
428
523
8339
5962
6083
5231
3249
2177
6099
4677
8292
10043
3006
1690
9290
2497
7128
6905
911
4764
9105
2858
2693
5142
7761
2200
5419
86
2309
756
124
5965
1028
5941
958
8024
1092
432
2405
5578
652
7913
7910
254
5336
9604
2949
7200
3971
6096
9922
7366
2188
2964
8527
32
9585
647
5271
6264
8538
2090
10185
4152
496
849
87
8154
4654
10207
6771
966
2373
7160
5835
510
2862
4789
635
6231
5563
2508
1496
8355
5626
6760
3112
2714
697
7181
888
9023
3612
4527
7470
4173
5849
1141
5932
5219
5748
7798
4617
3975
1237
2241
4643
3111
3226
8433
1134
7113
9134
1591
6392
9853
2641
5524
2143
4427
2283
7053
5308
8720
4800
4908
5119
8199
1193
2131
9049
6711
6292
1859
7815
9280
10221
1606
9693
1228
2712
7002
8912
9724
7827
667
10057
5838
78
9101
3804
4276
4447
2384
5483
3174
5101
6799
4174
5212
6452
8298
6922
2972
9472
4307
5187
8557
1385
2570
3858
3826
6733
3208
5581
7015
2713
6511
2760
3608
1857
7444
7271
9844
2650
4836
1999
2194
8560
2828
5351
1538
6611
3459
1685
6301
7862
3343
9006
9420
6507
4892
10126
5038
1273
2392
6076
1876
72
6276
2443
1937
8042
1292
449
4825
3760
4183
3611
7398
4019
6385
1640
7790
5014
8344
2297
7360
899
9246
8045
5889
5388
9461
4748
1073
7818
4993
162
3313
134
3469
1861
6589
9671
3581
2493
292
1935
8793
10032
8624
9474
8787
9562
6072
7663
5871
8456
9646
8658
9521
6357
5150
5892
4787
8117
8666
6258
8799
412
6360
4615
3960
1714
8326
5861
2634
1056
9902
8600
9874
8831
5934
4216
5948
7174
8544
6220
2807
8944
6237
8357
7722
5852
2755
6902
3056
469
5996
7136
7421
3014
9058
4306
9619
9916
5024
5475
8388
8854
10051
4844
5355
235
5511
6451
7448
366
6695
10227
5704
533
2281
3746
986
7027
9022
1669
2861
10011
8171
4750
6118
4243
7548
5725
914
3677
3444
1879
4665
10236
9804
8221
3833
4417
1016
2747
528
4886
3020
943
960
3414
7400
1264
7304
6741
1177
1720
1344
2023
5411
8971
8225
5674
6330
7592
1972
1739
1904
8978
5758
8691
8800
5551
744
3626
4503
6792
2853
5387
1370
5727
4773
1608
9458
5128
1011
2187
4188
2927
711
6480
8426
481
7721
4287
7958
7028
10124
7130
6565
6405
1534
4227
7285
2230
8196
6456
2103
6813
922
5586
698
4929
8385
6716
7229
9405
9947
8685
3794
88
757
9323
1209
6482
6035
8626
1736
1392
4151
7212
7635
9840
7716
7483
9665
1259
6321
5580
1663
2752
4616
1847
5364
1818
8563
7449
4523
3477
9627
9920
1683
2574
261
9077
3280
6362
6202
7487
4581
7201
4294
1977
3106
4518
3828
2557
5716
6897
9194
9944
8705
8383
4372
7022
1337
2895
8706
4880
109
6522
7016
4213
10152
892
5540
8628
3004
4317
7162
1889
8596
6615
3604
9145
3117
1821
7435
6563
9690
3314
5508
6755
3060
6037
10001
6744
2213
5340
8762
6975
2363
5665
1948
2683
3795
3819
1786
2943
7270
7628
6926
9188
4987
6054
3222
973
8164
5112
8281
5901
320
7405
2017
10198
9904
4698
5110
4812
4450
5856
832
1550
2087
1289
516
580
3560
3502
3081
58
4666
508
1829
9645
1052
7412
1801
792
1413
5781
242
3941
445
5485
256
1686
9584
4286
599
7335
7306
4513
3973
5681
7170
491
5574
8143
8149
7843
5123
2785
1048
3834
5643
1207
1047
7257
8796
8886
7709
177
2505
3377
10054
4456
1599
9174
3868
6015
7698
7134
7125
4529
8644
2867
1317
6247
3219
4952
6842
3179
5944
9407
10009
4845
916
7330
2117
5662
6718
260
1377
1220
4044
1710
7708
3659
4504
181
9702
9155
8657
4074
2749
705
4031
82
1199
76
1823
4349
2342
2589
8230
5560
6645
1466
6225
884
9380
6872
7979
1227
114
9266
3984
6019
5649
3853
5391
4726
9241
71
8044
904
8264
9880
9219
70
3707
7805
6965
3931
8342
373
7382
137
3316
237
517
8382
5505
3716
637
2645
2024
157
266
1934
8956
3381
7800
1431
2602
4833
1587
5729
9538
10095
6826
7419
678
5382
6227
6343
5249
2203
42
5439
160
8110
105
5690
3026
6873
10046
5149
6886
6724
2815
6111
9065
1895
1437
3642
9390
6983
7784
7759
3994
290
8813
2246
2155
6504
473
4673
6839
1842
8696
7441
3583
1592
9788
390
5975
9027
3308
6493
2997
1087
3756
3480
7165
5379
553
6705
6138
2441
1051
3050
5356
10086
3556
3811
1664
6990
6126
4461
509
4357
4233
8073
924
6517
3028
1776
1257
9016
9327
9625
207
6403
4265
2426
6080
6574
3068
6824
1848
7249
2304
56
8746
636
4695
6090
10111
1032
9835
2371
1241
3261
7832
4356
5247
7681
10217
8050
6777
4563
5389
1272
8632
868
4606
7283
5724
493
7985
2159
5880
1302
2553
825
4802
465
9485
7554
8618
2201
9572
7973
2988
5920
6841
4597
5178
2265
659
5063
1549
3948
4047
1041
5346
7238
125
6158
2198
1655
3829
7358
477
8634
3644
3958
1915
9182
2930
7131
6881
4176
4653
8820
8271
5224
6601
3504
7529
1470
7317
9200
5646
4705
3138
1348
6367
9539
5441
5106
5647
3913
1626
9221
2174
6133
3793
7747
6540
625
5036
6294
4840
1872
2289
8960
5354
1711
2871
6646
706
8462
9573
10103
1068
1397
6723
8529
3783
661
740
7687
357
934
2313
6378
6354
6669
8197
6918
5622
6840
5773
2495
909
6819
2449
3268
10050
3252
2523
2391
6125
2473
872
2395
2609
2398
3340
5959
9324
3761
4406
8401
4947
7009
7905
6919
6376
9048
5866
10106
6365
6177
9384
6250
1800
5562
7595
3915
7092
3286
10150
8162
752
9792
712
1279
5641
1513
836
2774
7550
2355
2937
9091
5327
2285
4921
5179
2648
5005
3289
8119
5223
9845
2799
4937
6154
8603
1456
1345
3997
6472
1665
1089
9064
565
3041
8331
1388
