33134
6513
35155
7620
8427
10174
34319
7449
9267
56
29235
491
6929
3890
14193
37360
5562
5514
24116
2101
477
25893
38668
39071
1187
26837
29122
26757
27122
12524
23241
28971
29550
6301
9704
6339
33107
32793
20180
23250
40717
29501
15041
17641
8094
26927
15948
20877
18118
18619
18400
6511
39171
35081
7069
26810
37584
24788
31953
34340
16835
17383
11780
27881
1549
8383
4938
12447
15731
4825
7434
3255
11334
4754
27592
22287
1450
23235
6904
4056
19443
26061
39739
10648
7110
37627
33955
28766
10434
24030
27550
1232
39383
4568
35358
26736
10337
16588
23216
4360
33043
37136
2098
33999
6294
7356
27132
18140
1948
15330
14081
30555
7258
29544
33453
24244
14912
31626
3959
35916
16599
40643
23747
5957
21189
23646
28709
17243
34546
34243
1714
24280
12781
18947
30804
27916
22341
20785
27564
21410
13977
11527
5390
12939
30511
6678
15862
6594
23873
3333
23254
7901
22918
17091
34207
15444
18130
40827
19238
7392
7520
7971
27150
47
24759
2159
27381
8498
974
37375
33622
10507
23362
19326
38703
15610
24726
25208
25723
1282
20252
38899
32255
10176
16313
13585
36651
6437
13442
31222
11348
36025
11217
22314
2503
24742
11921
28173
29231
30839
37296
28447
10556
31757
36000
14558
34374
30239
24453
6729
13933
6984
19524
616
38358
38379
34336
23763
10971
30876
38138
18738
15636
35639
6759
5206
38588
2641
18866
38572
6730
27095
38542
10755
17967
11352
12071
2736
1586
176
34394
6892
39197
10455
25278
24912
5004
15271
1418
38617
33944
38507
18731
34843
9836
8820
12075
17820
5324
27930
38364
22135
40587
32695
1097
20908
35865
40900
28786
28802
25801
16004
4087
30862
21359
16057
5906
28270
22055
3964
32717
11216
29566
37405
38441
30226
11493
33566
18721
9769
870
2358
40453
2607
16865
30169
36891
25068
36262
27651
15860
9400
32020
38427
2324
2278
27475
17348
24464
3221
15685
4174
30223
38094
19680
6261
19340
25659
29896
29787
19878
37503
4216
2927
27508
6648
1629
20725
1436
27397
19119
7080
21606
33448
26246
31724
15258
19029
26335
11273
3114
29556
38495
36145
38339
9421
21232
8489
11028
28495
16382
5973
23252
25058
2449
39962
34844
22776
36490
27201
16975
33053
3483
15053
23256
24010
33536
20879
27630
4570
23666
11183
40455
34027
37718
4006
38734
15115
23452
30512
21620
22422
10530
29695
37805
36790
1515
1423
6915
14810
12145
25673
38570
26080
33138
6544
20338
32355
1482
40695
16028
29176
31864
36233
32101
31363
9879
135
40248
37057
34160
31915
32460
5124
24199
22660
22656
28267
15178
38439
19724
30617
6090
17184
38533
27498
12055
14399
40833
35093
12945
6572
37216
31036
18004
28327
31998
23118
1837
6187
1511
909
7819
11802
14755
39683
216
9086
34142
23618
38404
13623
14491
20044
7932
27527
34702
2234
30607
23419
28993
16411
24128
22378
8329
3865
23478
15429
6130
31879
23319
35018
13647
40409
29888
28880
10661
12643
9843
1409
12020
6433
5237
29506
29712
8544
35887
19624
22642
16470
22485
242
16385
38823
17812
27061
23637
35469
16873
33780
10098
38451
30461
33670
4969
38279
25146
27043
1190
14871
16244
32248
9867
16039
13012
19572
6554
13126
26715
12439
17418
17052
32125
30024
9251
5724
27230
18873
34781
19223
36377
29564
3895
40703
29420
19824
39527
30053
9862
22011
3198
8126
15645
7768
24618
2181
9812
11256
30891
18665
4617
1481
5516
11668
24769
39329
30691
14357
4942
33372
40804
18075
9738
31191
21474
17651
17069
7951
8550
39669
34123
15925
31676
19416
33092
33046
27107
38810
4289
19327
10014
27108
36259
39322
38793
20423
4584
37358
26107
36161
7426
24775
10475
13521
24040
22553
12470
28935
24051
23178
1734
16149
10523
26658
17594
21854
28472
11285
8804
38818
9893
35735
27147
14621
34469
23708
36800
11698
9710
30936
37413
2012
17621
2945
35624
12131
30623
28452
207
5054
32292
24307
15613
33439
2388
4536
5653
210
9088
8526
17454
798
36649
31590
4018
37895
26648
976
7636
35626
12492
30277
4943
39116
20292
32225
19031
5332
19631
3512
36058
21543
5270
11383
2854
31237
2947
22896
27011
39832
17337
25186
14858
24985
37410
33854
12121
4375
10544
29196
31266
467
33764
29732
20556
32156
20016
19842
4211
31663
11976
26418
19922
5200
18066
15400
36441
9795
4679
38019
21767
39580
11420
28396
11331
32751
22862
11492
37552
801
9939
13864
14090
32725
20835
24139
35231
38405
23450
24777
24845
24013
29224
13492
19364
11205
21518
36291
10502
2855
38359
37463
13303
35670
28712
11506
24955
27241
12111
2283
32334
20968
17545
32452
12713
15992
5279
4364
3875
36600
9563
40689
9372
20043
18778
30786
9685
22875
13458
27143
16164
23766
40163
32783
30576
38207
11890
7903
15034
36899
37830
17764
8098
13351
35770
40263
12550
37753
28269
18464
23317
25493
40529
4926
7133
16858
18227
23206
22652
3108
35777
398
15051
23693
40407
38336
6395
15599
7256
14386
3188
3373
33893
15069
5233
38237
3545
12442
6874
5078
11515
30758
17704
23689
55
5352
11848
1819
40245
39645
28664
23380
30949
6175
28683
19943
26459
2609
37333
5520
24594
15845
15738
777
20318
34806
10594
19345
6456
36831
5010
18732
1650
26814
1789
3351
2390
18154
7673
7750
13835
62
6538
37361
40829
7498
13369
11681
12413
33393
9165
31158
25157
32477
14560
16485
17053
13764
30590
18779
3358
10586
24611
12495
14056
34097
35319
23113
19894
25228
19445
40177
12521
32083
22677
31559
33491
28794
24364
14946
31841
18394
30074
28676
35851
36757
38713
5086
23415
40141
26372
20380
5214
191
29319
32213
13181
16891
16750
5201
37767
6381
25252
33633
17428
22066
19068
15342
2119
33681
3071
37696
27798
27052
27031
5252
30826
7570
16935
38959
29647
1514
35606
1845
4299
6450
3707
33187
3859
27958
15273
10583
15364
9821
6617
7180
7714
16565
7301
37241
30510
36956
5770
22029
20420
8088
297
6399
7519
36336
30241
36493
32931
7605
27922
3656
21002
11163
6278
19667
2230
14831
8604
31699
17603
34012
21143
29201
9697
36052
21214
33333
38468
15538
23671
29546
24221
16059
18046
30360
29385
11337
30563
7681
5600
34383
22255
26888
10882
35678
15597
11284
21751
35699
21196
7813
534
30712
27315
30538
28801
518
39022
17763
38419
28291
25534
11931
24496
23848
39510
36003
23098
5069
23090
37931
37159
29055
24372
6558
18700
27026
24606
28643
904
19291
32393
18229
5102
17801
8015
40681
13203
10305
1476
22303
20114
25774
19318
22688
10951
7619
16594
15861
20651
1493
30065
14683
16440
20585
36894
12271
32447
1807
19886
24526
24875
20814
1737
40893
28555
22411
3045
38652
15903
5923
17317
19281
10340
3060
24211
10476
17527
16991
17750
4395
30415
34470
27294
656
19338
37745
10381
9761
39129
16924
24953
22736
7829
5751
22716
16788
17472
24471
30008
38058
29730
26221
36426
3409
29676
32570
6366
23668
40302
2214
16944
8216
28433
13341
18067
19857
1856
10776
4321
17942
4586
20121
14321
40012
29808
14526
10551
40823
28139
26603
35079
34067
21950
12674
17504
24466
15586
17980
1613
3362
33538
20130
3916
8242
30276
3259
21720
15411
30796
14476
28248
20329
30559
9007
25675
4245
34484
35780
32701
12474
20163
16469
33041
20039
8508
14380
38913
3794
39331
17291
1037
225
32721
34437
718
38684
27741
36783
25379
15782
24542
31620
10695
15465
16794
40277
14330
6654
18102
3774
4497
20853
35373
22658
16288
39014
13821
29066
3055
21576
2547
15295
32532
35014
37431
2050
12676
28161
11809
722
24675
38571
38429
3742
32416
36363
20495
15730
29485
11876
16462
34369
21114
17433
20731
34276
28818
16378
37970
1596
5488
957
27694
3394
12370
13441
34511
11761
25511
22500
34733
36648
24879
1347
14647
1145
36900
34559
37231
35956
11893
34119
1215
1924
17722
28878
4374
16413
8119
19657
37228
30376
16186
16667
21210
28399
16690
29466
6524
21963
18785
10516
3103
7925
12723
13099
559
31748
26308
39416
14940
28672
1391
35882
23102
35682
6869
32008
34829
39534
32962
39060
20718
37007
18039
5034
32813
7728
39594
38983
835
11300
3560
9310
27013
27996
15209
40462
22979
7389
26127
16575
39630
7327
36114
27214
18591
28310
27333
28855
12738
36798
26076
18299
20020
16123
26051
1420
1880
28189
23977
29652
1003
24545
1885
4977
34494
36973
23847
6084
28114
20153
18286
5617
9048
21778
14888
27240
11865
30957
14421
8904
31802
33367
12897
26464
9997
9258
28460
12715
15741
34791
23998
30073
14174
28650
29400
18155
30899
29426
623
15977
2989
14045
6091
16910
35863
2106
10707
33673
29293
32294
11554
38084
40061
38015
39338
4076
18820
25485
13489
14088
3581
7869
16699
14239
12486
9271
34796
9743
37909
27166
23628
883
26979
439
10018
6172
26876
14606
24970
11792
26268
29221
4516
25220
36813
8727
22
27295
4993
40170
16290
28724
9074
866
34397
16720
39598
33641
9276
37161
32748
25720
24956
31471
8366
12722
4817
22291
26316
38831
25187
13235
38517
6376
38767
3561
13449
5800
6332
32136
32848
31366
27751
738
6200
21372
28545
38202
39592
4339
13248
25160
8351
18971
24103
16763
23399
27491
5041
26451
3311
25499
37911
30736
14513
11450
30722
15964
37070
36801
33492
10720
37289
5663
8389
14342
13041
20896
34320
33847
24527
9729
824
13064
28729
35793
30939
10104
7996
21802
22107
37876
11386
40300
34951
11241
23555
29958
13701
10895
39889
37169
10808
16903
32585
3182
26539
18998
22003
25191
7196
8271
15403
31578
21187
22564
8679
26580
38108
6203
25207
35943
646
30517
6731
6323
10414
21665
21180
25938
37610
31444
3246
36137
13293
35508
5353
29021
28642
9923
1682
18289
24371
4834
11013
17946
12249
16967
33326
11074
3822
37399
13276
28147
36087
29205
9599
35772
32731
39702
8364
29774
40844
37114
591
35275
14720
4786
8178
31666
13150
6899
20038
4875
39977
30390
20179
25323
21569
23780
23802
33967
12396
29078
20480
21567
26019
37319
476
7331
19899
10355
1323
20987
27383
40869
14739
9920
34721
3257
12979
25947
18923
27734
16404
18185
23190
37948
33209
35982
12006
21377
18958
16230
16301
35205
38515
22975
19484
38635
1451
29900
31852
23866
36679
3085
8789
18377
32135
6145
3529
36448
14685
38266
24202
32708
9392
33295
26560
4637
29648
30348
19832
13503
4803
26499
15302
17519
1298
8869
4512
33521
2639
34277
38963
9818
20649
33309
6204
33802
1080
34302
38105
40093
30699
18484
12662
19510
23255
31587
25551
2327
36353
40385
8028
8377
6824
18697
2305
31267
2191
37445
22118
27891
24185
39429
38949
10728
19611
34457
12216
16831
3557
14401
21102
27161
22176
39125
32996
31238
35506
8084
8496
33170
15110
7905
1543
13649
32900
10880
21138
10596
2333
5497
4549
21837
38973
33165
7300
25481
7000
14309
37617
21828
9917
1496
2434
28659
35015
22780
8889
14973
27450
27232
21561
33388
34421
40429
21227
12879
10814
2213
37085
2017
18764
29680
11680
39886
40240
37039
37515
12434
8106
27065
7587
25318
23972
28414
23061
25136
10948
21910
1652
29802
10615
16200
25211
38822
27216
33729
30734
13758
15713
1741
15259
10453
4587
21653
34026
13622
19646
11329
433
18029
13877
24235
6267
20287
28727
30855
23014
5074
16330
38595
23942
27638
39452
1444
15514
37335
32084
14495
7489
35371
22306
9140
40812
16688
22373
22596
16679
28208
2923
38228
25421
29374
39637
31174
5630
3083
10567
25417
17234
28037
22522
11424
10727
28674
39021
2946
38740
7411
8468
18202
2851
12140
21341
20505
10013
6432
16412
10234
10481
13101
15807
30857
22574
2872
30072
4248
26375
32177
34969
36515
37084
29428
2488
36662
7272
29893
5153
22424
36141
10400
25873
28973
31522
6924
27369
17595
40149
39313
38568
28605
20465
2803
6111
8830
24944
20980
18161
8333
40369
5440
34914
4156
30154
10366
27867
25243
5581
22504
5282
21454
17034
35562
37294
7089
15904
18862
8277
75
37525
37965
35825
3918
2688
37961
1499
16453
13765
700
22061
38396
17560
16816
5428
3832
5918
2698
37836
24078
38530
12187
31081
27665
31763
4480
10873
22694
12921
35202
20978
34416
27772
12577
18666
31308
9719
6964
29425
35855
19422
6868
15995
26116
38834
3341
31358
35220
3638
7321
18352
22501
36293
16108
40073
16619
21642
25066
2684
11269
23716
25162
2950
40746
11542
24104
12429
40638
40242
11211
22691
4702
24574
17873
12899
9435
39004
35178
22124
29747
34219
3384
29432
3905
18966
24918
26727
27263
37061
40774
30208
22401
4009
14506
35350
39897
21894
15028
36758
5631
23037
16356
12706
11279
21833
40565
3247
37906
24208
24384
16771
38858
15163
2328
23032
39711
1820
26238
4790
33930
4580
31853
27852
33920
33130
35889
38643
32383
14776
14417
35710
28819
5415
7261
7541
31005
37700
3374
35366
1899
36499
25000
16753
27905
28625
20288
15997
35409
34474
23694
39442
91
2021
12459
24641
6872
20541
18240
4185
21838
37644
23397
11185
25525
38480
31534
33951
15263
13268
6230
37364
8298
28289
23849
20674
25524
3316
5576
2086
22951
19989
19276
39317
19757
17738
5380
18914
16909
23614
22223
37040
5540
33471
5364
10931
4273
36390
18310
18707
36026
15406
25992
17612
19679
9732
9591
22840
33775
24772
21362
29769
1331
21160
18193
38574
16881
38683
20471
27720
30547
10470
25830
16808
30019
35801
9828
3422
9129
5524
4866
8666
2458
15338
15356
22034
11093
29287
37021
12096
3242
32805
37483
40768
36070
16307
30863
1624
37535
15732
33205
12920
7651
14338
12690
7938
24804
35511
27222
34425
40708
39066
18199
30723
38317
19271
12083
28443
30782
36027
25698
4765
9804
12798
38887
23049
7054
30873
1562
15393
29686
23800
32886
4361
20185
39878
17411
15520
1871
40192
30947
25238
7372
7711
14855
14646
17327
2008
31152
30654
32183
5419
12875
36929
36398
29559
20223
3431
8371
23559
24547
6490
33058
4236
2293
33376
34415
7817
32770
24756
25291
34086
36312
28541
11445
36129
1154
440
38510
16236
36729
19122
9711
24100
38817
1367
10045
21303
12233
34577
11558
32174
37651
4137
14740
24801
13711
31903
11485
24863
17766
3472
10963
35970
32511
21619
13486
30045
28127
27776
5682
15430
38413
2795
40101
23030
8862
3249
29106
18656
1717
29998
37941
13677
12174
19617
14914
18622
34483
27824
4569
938
310
23391
39582
31019
12190
34174
12561
22720
37484
20078
37554
16397
26239
11739
35223
19893
24862
19834
26775
2740
1877
36270
4919
21858
32856
6486
978
40904
2225
39047
34000
22909
3014
38223
31064
12059
1519
38874
14076
20661
28754
38889
7671
12800
16025
15679
37889
36692
1259
13319
39979
37441
31643
30448
5972
16742
28526
4015
30508
31086
3195
10444
27869
33005
29959
27484
31572
29820
23791
22246
13463
33290
20424
8957
33857
8621
30515
12105
15135
34713
17892
28655
8955
10940
24936
33158
12517
18798
2915
28944
17300
27845
23793
24490
1081
33445
10147
6461
23401
3569
4150
30818
7560
2818
11584
12883
36694
13259
29967
11870
17865
33726
16510
30293
10859
38665
11915
13172
40795
24899
29576
23050
19823
3809
6317
2138
2031
33704
16066
19806
8116
16067
14361
16634
2638
23045
34422
25504
35458
21896
888
28353
23218
39483
14152
24621
25226
20325
35184
30844
2026
31700
35578
27885
25259
33094
21670
33132
7298
10629
1791
1848
38552
18063
24193
18664
6103
3631
17263
25091
35585
17648
22976
13001
6662
521
2718
12717
18760
26091
36561
24626
25823
3001
35370
28292
40697
23491
18793
27659
1825
1501
18078
9544
3006
35301
3166
32252
34352
23592
28081
22802
889
32029
38160
30173
18558
20804
40183
29815
15203
2871
13594
29981
3423
36335
21922
17271
32131
37589
33458
12611
33143
35381
38374
28792
40707
38994
23275
32115
13417
36210
37438
1874
5793
16746
25094
23552
23999
40384
945
31427
6681
28877
33608
18942
21529
31615
10964
25456
19088
17753
30126
16289
18516
13602
38091
23548
12656
5207
36624
29599
18759
30230
13479
16284
29880
5691
7614
438
8325
3826
40219
24669
7913
10857
1774
40634
11169
7052
20936
11753
14494
6959
13693
21558
27919
2541
29039
28824
26725
20218
24920
27997
7954
3647
28536
12668
16245
12644
8953
17495
36893
1958
11759
33969
23497
37187
26018
40560
2126
35197
13183
7586
7549
32198
27637
13170
3513
4179
16531
21222
30814
33149
36134
1422
22114
5109
31291
17055
35267
34744
18237
19769
36302
8475
1167
6838
40363
14896
26153
34296
17855
17147
12946
15443
18644
24316
23307
4157
28657
24213
13214
27357
22149
30320
8637
3530
38525
2630
24473
12601
33099
33252
12056
2700
29539
27118
17446
73
10463
19141
24658
39600
6536
16458
21243
31094
12943
18577
35718
20402
28990
20705
20712
28872
20138
5068
31185
4733
4240
39366
20796
8663
4731
783
3924
5504
35191
17227
7875
12460
29764
5175
20998
25165
36284
30541
39588
39521
26473
33404
29025
2058
21533
4474
5354
33141
23575
40482
27003
10919
29018
39464
30343
17943
33567
20056
17056
5038
38176
24234
28738
6526
32536
2764
18831
2659
2951
33283
19104
11287
38269
13286
36756
19949
8592
32810
4113
14869
38064
35733
23186
30464
39411
22524
17741
22930
698
21006
22578
5243
11326
38165
29080
14126
27520
14185
686
1466
4309
37622
11758
11081
19663
39039
22651
9161
16431
11678
10036
24670
39994
28699
11996
17965
18062
24282
22108
34547
636
1268
3239
28583
31896
32869
9986
24284
27184
23944
7718
39868
37921
38671
19763
13393
31623
21931
22868
23525
20707
35598
1715
10447
18263
1540
705
5302
28782
37721
29961
14550
24469
31045
3162
33990
26520
6477
35923
31837
15799
7103
24811
9664
9869
39010
12308
22088
28527
14143
25755
33010
8964
26021
8230
2888
12471
18241
26598
35792
30728
4277
11425
6022
11177
2711
24081
32987
33643
38941
36764
13674
37314
35494
37940
231
18749
26627
2765
26355
21865
39949
13280
3804
26192
35389
28869
3908
12545
4502
40299
4865
2454
27621
11846
29855
12895
6588
35218
1063
21172
527
14777
19117
12348
38575
13581
31309
29609
30806
5239
3896
1523
37508
39885
8150
21497
27197
37475
28216
19827
3699
13640
4795
10328
29771
30103
4756
23410
16672
5319
18397
39008
31667
8465
36506
30138
21779
36194
35645
24380
23875
5143
31878
5483
18212
16744
8722
3858
18654
9299
7838
34178
27712
26755
18216
24253
39498
31520
4751
30457
29773
38852
19091
5904
12909
20060
37451
475
16215
26448
39469
36368
32851
21098
6723
15077
37705
31939
5671
22972
7825
33234
549
30158
9706
28560
33741
35803
32238
16220
32834
35065
6412
16522
35724
37741
18865
20893
18288
19875
9227
6068
7252
12645
8073
24357
26054
14496
40853
29523
3233
5575
37976
11120
28673
2532
21308
26436
1997
12212
39908
25313
19078
15988
25661
36130
3625
40544
33749
34847
26517
28532
33259
25011
14202
27676
6957
35653
19817
12652
66
8272
10167
4629
25961
8662
30237
40770
1176
24046
28383
21663
31083
21900
23752
26894
35140
33031
487
24246
2065
12058
37047
33654
21525
34750
15208
30696
24678
14799
37271
25648
4921
2925
2190
24548
30122
22584
33478
17373
193
26064
17715
17537
38917
18225
12178
6209
13665
34563
28584
7020
22505
14570
15122
33065
11078
13870
40320
20267
29228
22919
7694
21549
34195
9367
24397
24740
5743
27252
16116
3487
6037
40613
18719
7770
23543
14231
14905
31851
21239
35119
2069
13310
24549
28814
8281
32264
6537
18068
16133
21845
30468
6419
36825
6952
26424
28434
1343
38741
17677
5806
24054
22402
1833
2801
17264
17223
33599
12673
16196
15721
33359
1776
36623
12450
39801
33026
11850
14984
37177
19062
11257
20439
8315
25178
14546
26186
24158
27089
32458
22220
29749
21191
6053
22180
27291
25
38328
7155
28604
1641
32919
20392
10913
2178
34868
6881
11397
21818
33882
8026
28057
3689
5580
39009
35854
12564
33875
10803
3668
25375
11124
15729
7649
39472
5020
26137
36309
23616
1505
23631
16593
6408
34639
38946
4681
33465
26095
32009
34198
22488
29110
13564
29842
10805
37082
39898
9892
17175
29455
8877
33212
32865
31993
727
36445
21782
32611
29264
7487
6240
13971
999
38098
12549
37636
10000
24939
8332
3213
33728
7046
25829
31231
30633
24828
34263
33906
14758
11914
13244
18444
22639
38898
29653
20514
11749
23003
8485
30213
40819
24676
19136
7844
32762
26011
35835
28681
35830
32992
10289
16630
12034
18750
2633
31556
14897
22211
23016
14505
5016
26179
14145
7304
35188
19746
1977
31208
8580
20075
36952
3604
28436
25856
13313
17420
37204
1699
26525
9918
27541
30484
16347
40237
40393
19544
33774
15541
29162
35124
30199
24303
10290
60
20154
37457
4564
29597
28062
36897
24668
15275
17592
34897
14346
24604
38832
10190
34213
26407
11979
30370
7712
36268
10766
154
21647
27075
11872
35433
14204
30849
8337
2105
9433
30757
17725
18557
9453
29354
27212
20342
17854
4772
17905
27940
27392
15225
2068
11573
20756
26869
32866
735
35434
34509
36702
39653
25889
28339
40665
5922
30442
7210
11945
37157
31424
27309
1755
30790
14371
19722
19647
10792
19370
36470
31774
13102
21546
29617
1235
6839
7295
37701
28143
17111
12572
1602
23476
22386
35899
18710
33346
30358
24762
18805
11390
20088
21808
983
40439
20846
36330
847
12204
9605
30878
7378
13946
20066
38693
12716
10370
25130
17439
37618
13016
10700
30392
31493
32797
2856
11922
8859
10631
28631
36675
19905
10157
39586
35611
338
26379
27963
39730
5396
35040
25321
29503
150
35839
15386
37577
7588
24998
9547
34542
10729
4575
16662
33261
32190
8185
25460
19530
38205
23270
26860
13186
3039
34535
35616
39346
5921
1836
25022
12110
39447
15635
31327
18101
16377
25949
36743
17104
22484
19142
37775
262
38406
30544
8020
19295
24928
30455
5426
38442
4187
23330
9385
9266
7767
16279
2297
2985
23073
10318
26477
28369
18841
8917
24700
4663
30493
38488
20637
19844
17765
13292
1208
40232
34759
9179
20001
27242
35374
13610
40344
27925
4704
2722
38990
30883
40004
4010
10527
9181
9045
1920
32041
6463
11660
32909
21912
37377
34821
33614
20772
32707
29211
40724
24080
13385
18213
26034
33988
23675
23770
29476
2059
40716
40427
873
21768
29361
3258
12821
33823
32191
4698
12307
23495
32486
17754
36609
21608
31749
25498
29584
28603
28337
19474
6045
2623
21502
23919
16132
16338
34879
34360
18156
39445
1934
14194
40092
18924
15638
35643
30851
13929
28370
40470
19231
35075
21871
8401
32936
16859
27384
25199
20142
23411
3751
37472
3151
35120
5673
12156
8050
7616
29475
36802
8810
23445
24327
37929
29168
39512
35971
8907
39704
40575
35019
6440
13140
8055
9036
37117
37999
8170
9454
9981
32180
19811
26536
3283
5885
18148
13299
2808
19947
1583
35898
34686
39720
3528
9423
23220
28207
16369
20308
11591
32186
17900
7123
7592
2779
26785
39272
6900
17186
10978
5149
17550
40272
11587
8192
28615
29932
25897
1366
11899
20184
5675
7477
14473
35452
39552
28212
9500
21659
29129
14258
19532
16141
28280
1393
6228
16714
6972
18379
21994
31025
24976
33306
10054
22609
4342
2295
10404
35692
9075
6766
27373
23136
16841
315
20900
12541
33577
35442
1841
21040
52
8573
32192
14084
17845
14902
14232
22097
10626
13689
2482
28157
40175
8999
36238
39613
39643
11624
1470
13578
23007
7007
18077
38630
30975
34714
32976
5766
40200
39943
11468
24067
13142
28514
11140
33286
29987
4982
37739
28458
1218
30341
13524
20372
36608
37932
35392
39067
16256
29679
35552
32311
9720
31694
32716
29153
26124
37951
30886
558
40668
27695
26922
929
35748
34892
13051
25562
31132
21880
35658
23712
9201
32555
23093
11236
15233
32176
29954
16328
38775
30523
13452
38443
4358
16542
38194
28166
26097
26359
6932
30739
3392
6907
10958
38095
15976
5840
31602
24231
16437
33076
20579
31307
33587
21100
7692
34395
8334
18943
1170
34793
5259
7403
27404
30402
32498
19481
13357
29558
20788
11806
36042
37833
5834
20535
38579
697
11455
28717
11719
33235
17403
29672
6442
38707
19073
21065
38637
21139
22601
40172
28886
26660
22129
6894
39065
12197
31311
36704
23501
1558
719
37608
12678
33425
11176
2859
16646
22594
27446
18806
35167
20531
2252
9620
14959
22775
31146
14944
14304
28424
12771
9058
34043
7732
24877
23104
7068
6006
36823
27205
6328
17606
22309
17902
30799
32028
10046
38921
36644
1437
36488
26712
37531
5503
1399
17998
12255
38323
30770
33208
6188
1374
10907
7609
8787
16517
40013
6191
28409
18144
38628
5075
19776
8686
2677
5348
26506
21612
25235
5937
6375
13241
16134
30257
36691
2665
25964
6162
19959
24005
16391
25867
2897
8480
28108
8283
13071
4066
33876
34306
7345
38274
14250
31007
38487
37245
834
26936
2807
12021
11947
15455
36846
35298
14749
16718
20887
30394
21461
23528
27255
23332
20188
2575
40818
33736
18641
20410
40887
9064
13911
10019
2735
23383
18486
15848
15024
4664
23038
21715
24302
1410
31063
10903
38582
22231
8566
143
18630
6791
13628
40161
7284
17723
24630
23876
14610
24746
16452
26678
11024
36401
33721
22065
40259
15378
15442
7949
17045
8684
27390
18327
26842
16649
5150
5564
24382
11650
7700
33337
14251
28511
4844
10743
31947
16691
14150
31258
15834
2183
15373
36323
3152
27981
26987
31502
21008
37164
386
587
10213
38884
13288
1542
29603
13281
39762
17876
22920
6331
11845
6808
34370
2901
37685
31542
13197
26475
36932
29148
7753
1342
25517
30144
2554
6963
29351
25766
