8688
2614
6809
6859
9257
7386
3591
8231
2430
6451
8999
1696
1484
6165
9539
9718
6128
69
8944
7566
3927
9547
2934
516
5308
1088
2771
6667
709
3279
9832
5662
6599
8409
5513
1113
8765
6924
8898
9853
7800
3954
8252
3010
10140
6615
1762
2333
5348
3424
8626
912
1956
5669
7213
918
6498
5767
6897
1952
984
9990
5757
5
403
10022
4557
5369
7891
7112
9230
6679
5401
7167
3956
3015
3350
8110
1526
4340
2218
1935
7790
3153
6199
9498
1594
1274
3919
4119
557
6821
1541
9590
2500
7098
9858
9392
1132
6949
7843
3047
2788
3504
6626
1403
1726
9477
781
4577
7553
9764
9933
278
8328
4778
5775
7150
6852
1410
2840
2654
8500
7229
9319
4531
3332
8377
1056
5723
8758
2403
4538
8053
7475
3240
5393
3869
3366
9484
4109
8118
6135
3899
3028
4380
4001
8334
545
3633
2135
8873
7569
6253
3111
9205
486
3543
7048
6714
3582
9864
6418
1241
7503
3201
3286
2350
5206
10217
8722
104
3226
998
5230
3276
6597
346
5734
5035
473
6726
2264
78
5229
5609
7893
10175
2867
2323
5208
2703
1551
248
412
466
3194
7541
3900
5052
3677
7330
4240
1511
1690
9668
9756
6938
6571
6484
3049
10101
2929
8483
9580
9341
8925
7021
3567
607
10099
3528
3130
6695
8094
3234
8391
8346
7911
8139
6920
1704
8281
735
896
3733
3857
9759
9220
5739
4299
5649
4439
6660
7734
4258
7942
2210
2102
9338
5641
8104
8740
2293
972
357
9976
3485
784
8703
5828
10045
9062
7381
6515
8159
8394
6294
4595
1674
9213
921
7257
1706
7957
9363
6248
6504
6916
3439
6459
4402
6551
5117
9536
5095
2348
7769
6712
5597
1701
3391
1006
9583
95
1416
3535
258
1752
1436
1881
2566
9467
769
2968
8235
7978
5910
2868
7819
7557
10221
8533
4793
3509
9568
5045
997
7261
5672
5248
6662
6370
7045
10102
1859
890
4923
3375
487
4537
315
6229
839
7600
2677
5347
397
1682
4908
8151
2863
5190
3551
503
2536
6499
4897
2702
4534
3411
731
4633
7552
2120
3443
5197
9210
565
5815
4762
7228
2282
2024
1647
4116
7414
1703
821
8392
9792
5894
994
9967
8007
4660
8198
6867
3496
2223
5445
3192
1302
1443
53
8571
8414
8442
7490
7910
393
10085
7675
807
9201
4185
2335
4664
4034
4529
6314
46
9616
449
2257
2491
2044
6956
1763
8147
4700
6462
2091
3728
7615
25
10048
5047
1772
5171
3193
2525
1035
3804
4745
6442
6333
707
10037
8418
3454
2486
7829
2596
6181
2785
3904
1037
5582
4559
4339
5987
8902
3083
2246
9274
6734
8174
6449
7754
5852
5440
7998
7616
5817
5384
895
5424
9246
801
7060
7834
9817
8781
401
1046
9099
8990
9351
5429
288
3188
8484
3541
7852
3568
8939
4694
8578
461
3242
857
9278
8163
6669
10059
7797
2960
7203
5564
7984
8685
1821
6525
7768
7205
3957
1096
2565
3615
3050
4526
222
2227
6896
6182
4
3220
7912
617
2790
8137
6049
7250
8131
10154
2156
4870
8640
9995
7502
713
8681
5806
5333
7570
10234
8931
9786
1289
2612
3205
3765
6622
395
8115
8980
3073
2374
8503
3099
5367
4149
9801
2224
9266
2209
3206
6729
129
9059
8683
8600
9731
6020
6528
1528
8191
5988
1675
2285
3493
5097
3019
5043
8584
220
3577
3315
2935
4646
5548
6031
6780
9848
929
1902
1542
5486
3043
3328
6522
7472
92
9311
2599
9149
9057
2603
4378
6019
3695
9604
4921
5317
3916
2384
3344
5594
2300
5529
4651
1921
7654
8045
6398
446
2866
196
4373
6915
2583
6791
7363
5411
1275
3536
7773
3747
3760
5392
7215
786
8092
9927
1687
1716
1747
2755
5323
7006
257
1268
8161
5133
1198
3564
3700
3404
7547
7127
3302
7425
7831
7685
892
3152
9958
4877
6582
3428
9434
3295
1740
3263
1711
4704
3225
2318
8973
2560
6601
7597
7117
4572
9948
8471
625
5416
2933
3623
1000
5766
7348
3958
8772
7761
3480
9977
7593
7939
1790
9374
9982
3235
6523
3814
1155
9027
7518
7015
2108
2842
4165
4296
1008
4789
9156
1501
8411
6548
8856
8601
3335
158
9739
5309
9091
1095
2947
4973
6685
9605
7467
5373
10172
2288
6162
4368
2175
2296
9952
2974
9647
6633
5983
8652
1847
2253
4913
4089
9925
10080
6219
7933
2164
4847
7131
8529
1636
4796
2214
7846
396
8479
6236
260
8771
3998
7388
6164
6127
9535
3136
882
10007
7596
7220
6563
7177
1220
6424
3051
7483
9106
8919
5247
9383
6675
9444
7538
1099
6788
3917
4711
9545
4628
4976
8510
1106
6228
5135
6517
6403
6564
9255
741
671
8857
8417
8114
2445
7872
8912
5009
3213
9843
355
659
1306
4783
9799
2533
4727
1969
2665
6126
971
4242
9945
3079
2569
268
7469
6470
4957
7028
6022
8369
6827
8981
7985
9968
8199
1171
7712
1010
4480
774
3552
5236
8401
9456
8239
525
3861
1868
4580
4544
4002
1876
7115
1820
795
8702
2385
6082
1111
4180
6429
1950
5951
1325
6577
850
3774
6909
9301
7339
6383
3794
995
2543
1030
1580
7678
6189
5589
9026
5765
1189
6045
8258
8966
904
7636
4102
2795
5223
3520
6009
8280
8277
3358
6408
1977
5488
3016
7183
3842
1282
5153
2827
5737
309
1080
1050
4150
2007
910
10153
81
9222
6289
1498
4753
2567
8631
2344
2876
8795
690
5422
162
2716
9500
9689
5754
9262
9619
7703
9380
1201
1967
6818
6758
667
7124
1175
163
4728
4768
9424
674
5890
360
5110
10215
7929
1480
7306
3229
7043
5376
2178
10008
7622
3666
5021
1152
855
4998
2105
1203
8785
5027
1378
5533
3
3725
8549
3538
9752
2647
6053
8835
7189
5663
314
5881
1291
8696
6306
476
7193
3208
8320
687
4787
1333
1372
5748
9470
5659
8133
3437
2743
1963
1718
2744
7396
4333
3054
6995
4862
8799
8959
3216
4409
1406
8353
10173
7024
6596
8464
9419
6776
1913
4826
9104
6796
6104
5857
3106
1399
2480
2359
6336
1348
7793
3436
9993
9050
9790
