4359
222
7300
783
2644
10023
2557
8990
428
2557
5384
1640
5865
1522
5854
5208
8990
9767
7530
5737
6595
4883
8371
9479
9918
8001
9739
5208
3693
3711
291
4548
1337
3747
5865
1706
5607
2956
2386
1281
8175
5508
620
5628
6458
1274
219
7529
852
6271
1698
1027
6648
9994
4556
2819
3225
7265
2704
5766
6108
9123
1809
5095
7890
6547
3027
3420
7972
4992
3556
3186
562
852
6458
5875
3549
1520
10125
6110
2644
7909
8764
6458
1394
3996
6458
1337
2043
6539
1274
6458
10035
3288
4423
4861
8990
8764
2533
3411
8749
8855
5358
8752
4613
3174
937
5970
2557
8990
3174
8937
7265
2557
4292
6217
9918
7728
8553
8908
5032
6458
5623
3693
1803
3193
6180
1812
2956
5508
1452
5148
166
1632
9235
8516
1337
10114
5740
4986
1375
4292
6479
1003
4986
94
5363
9105
2542
4054
2067
9497
6029
2838
9004
9476
4610
3004
7300
3975
1698
8236
6483
3890
9701
7209
9004
7020
5217
7340
8123
2119
1337
5681
9679
1706
5088
2690
7517
291
3105
3595
6275
1416
7671
4508
4314
8601
1034
8053
3174
988
4867
8693
4143
4986
6406
7282
6458
5100
4887
2603
7575
9229
5100
9089
2427
3700
3135
6271
562
27
4138
3706
5478
3711
852
1281
7473
4314
5190
8771
3700
9763
3706
9476
9479
319
6764
6328
1245
6668
5863
5008
7340
1925
3706
3941
10082
6237
3802
10151
8990
8387
4402
9089
7637
5968
3946
7530
6014
3021
3400
5437
6447
4314
3918
9004
4100
4535
9767
3706
4599
5738
4306
3950
3549
3706
3137
6108
9206
1032
6108
336
4292
5088
515
1772
5875
7265
9509
10151
8217
6400
2776
8784
8431
4177
2420
6886
8526
2104
3174
2603
5681
1732
5100
3138
9497
9769
5374
8752
9493
8855
1913
8526
10126
6488
8443
6108
3411
7756
9288
1819
5952
8289
1337
9485
3699
8001
6539
2876
4542
3700
5875
3411
3225
5628
3193
1922
8990
8752
5466
1510
3267
5088
1648
1653
3706
1337
5810
9987
7294
6507
8196
1337
6488
9287
8516
3700
3711
4016
3992
6491
931
187
7
1520
3312
1625
5406
9970
9172
8990
5095
7399
1895
1055
4220
9767
5374
8908
562
238
224
6893
166
1337
270
7909
4401
796
6584
9010
7416
3138
8123
3193
2221
4883
1359
620
1359
6108
1337
3694
1803
9947
8870
6178
2827
775
4366
9431
6458
3724
4873
2557
9739
3529
5508
7567
1636
5865
8239
7001
4578
2616
562
1966
9504
6822
9244
4610
590
2297
4314
6374
1337
8855
5854
6491
9044
7637
6126
5100
7954
2690
2558
222
7972
4468
9923
783
8990
3182
7862
10227
3716
6893
222
7491
8304
1716
2238
1027
3699
7511
1789
1337
7616
9146
1337
1359
7353
1337
4742
3706
8990
6262
5637
9644
6479
9653
8428
7416
10075
1640
7956
6014
4556
3224
41
9214
7511
5619
10164
9363
256
5798
1849
1257
6764
1812
8990
7001
3907
3027
4306
138
1489
7530
270
5637
8054
3950
5586
1944
8142
6886
1653
2776
4986
8844
3830
6455
2819
5190
1337
6400
2540
7265
6108
5041
9504
7300
1337
5937
1337
2567
2438
7491
2488
1430
6458
5766
1716
9004
8855
94
9256
5968
4200
222
570
5088
7001
6344
562
6644
3431
9105
467
8576
562
5701
3918
692
562
1772
7300
1772
1585
3105
3004
6458
7530
1337
3322
9644
7273
2567
9617
9024
5937
7209
7001
6933
8007
6108
4613
1337
3135
6822
988
4046
27
1926
562
3887
8526
4841
7515
9229
9269
931
5970
3552
3156
1812
5386
7971
1913
9267
1337
7300
2933
931
1585
1632
7945
7300
8870
1913
3234
5998
8007
7340
4401
217
799
6822
5789
5865
3629
3004
4883
6322
6238
10125
6444
8749
3322
1281
6535
2015
2557
7078
4610
2351
775
6491
6123
562
1034
9525
94
6582
3711
2015
6829
3706
9596
5480
2360
5875
2463
9311
6238
1003
1648
1281
1849
1294
8054
1169
8369
4883
5088
3174
1895
1895
458
931
8935
5628
3182
9763
7529
796
2557
6491
9346
7300
8372
8443
6764
3933
9431
9994
2967
10035
8526
5978
9739
3193
2856
3495
8038
7265
1803
10075
7191
1337
7191
5406
1274
7001
5015
8147
4883
8011
1003
6016
1274
458
3581
5622
2542
2862
4784
1294
1245
2119
5374
1371
5148
1511
7340
1982
1696
6178
3724
4420
3966
7856
8591
1959
9086
3071
5207
428
10125
10128
368
4784
6344
324
7001
4986
1522
3137
9497
9854
187
28
8363
1032
3225
7278
7893
2609
1623
2695
5208
3890
5742
9767
8908
5382
562
7372
2351
256
8001
1803
5088
9214
9636
187
10045
4914
10126
6998
1640
5834
1337
9214
1777
3529
590
9089
7787
193
7427
7300
1452
7001
6491
3004
8096
1337
1895
9503
562
1803
2603
5750
6237
4468
3267
3700
7
562
5612
9004
2557
1601
9214
7254
7856
9081
8749
9035
562
5952
4552
4513
10209
7041
3395
8236
4798
3300
8428
2819
562
925
8369
8379
5575
9509
7511
7340
3839
256
5875
7972
6914
9004
1359
9509
5322
4552
4306
8196
9010
7130
6458
1640
2537
7511
1182
7954
3339
6217
7543
5952
256
7323
8646
1552
5861
3495
6014
4655
8497
7954
1952
9739
1716
6458
1337
6016
5875
1696
4613
6732
5875
3915
2876
562
8351
6014
2557
1585
562
2674
1452
4508
6683
4905
7421
9004
2297
3711
3182
7
2819
3629
4415
6919
2557
61
8239
5681
9462
171
4928
8096
5478
10109
1337
3135
4282
2932
291
3135
4841
5748
4702
4244
8646
9805
8803
1452
9854
6108
3137
6223
7372
1772
2174
10128
6217
7323
7300
6732
3694
4905
1337
291
1648
8007
9476
5863
8893
7300
6275
6680
4480
4046
2776
6238
562
8681
8855
781
2839
1034
7001
4543
6830
686
6458
2557
3495
10216
2819
812
6807
2557
3135
1037
1452
6914
852
1359
6458
2557
8935
5100
2488
6491
8681
6186
7972
2819
3234
1809
5586
3700
4286
1245
2509
4702
2557
590
4883
1257
7616
8289
171
4350
392
5272
5628
8181
1803
5649
2297
3105
9503
4143
