4373
411
3081
3426
1047
2370
5067
4047
3364
498
3565
647
3849
4373
3935
3432
3303
692
3382
2349
2971
538
2684
4064
350
5113
404
1234
4591
4591
2402
2349
2363
4613
2132
2490
1142
3915
3547
4961
5006
729
126
701
2349
3364
444
2558
3697
2216
2846
4913
465
3473
142
4226
1047
4000
761
2199
898
4359
4051
4953
3542
2777
424
940
716
2971
4477
2777
4205
2349
4787
3577
729
1003
4205
648
3432
859
2777
3432
4107
716
2698
3197
2711
935
2244
1469
3141
3607
2279
716
786
729
3088
3432
2349
250
2698
2957
3141
4623
206
692
859
4226
1283
4796
716
1960
589
4904
1047
4794
1234
3565
528
2363
1334
3364
142
859
611
1504
781
607
55
4336
2277
4107
3689
3432
3015
646
2349
1538
28
3935
1434
2256
1571
1708
327
3392
2783
567
761
919
1504
1047
1466
1063
3615
4921
1704
761
5113
488
498
3539
2363
2755
170
2006
405
3577
1570
3849
1991
701
4378
4507
4605
198
4229
2363
2762
3755
624
1268
716
794
4661
3005
2473
4107
4273
2595
1715
2419
1250
2519
898
170
761
1047
333
1063
656
1751
3586
3432
699
4359
2370
1504
2846
4611
2698
4273
1949
1469
3578
4625
2906
3124
2846
1063
1504
859
2349
3939
1268
1047
3420
3736
4913
794
2578
4227
556
2777
350
2254
4623
3621
848
940
792
4373
3909
4718
859
3432
465
1047
96
1276
4718
859
729
3432
1276
1173
2151
4796
3171
4742
1063
1047
2419
1366
4273
2754
3432
3618
2996
3958
1960
3071
404
4373
1693
4222
2755
1205
2777
3432
1194
528
2419
716
2777
1233
3432
1047
4630
3081
2783
189
1960
4623
1047
1654
140
2711
3939
64
1759
253
1047
424
1194
4418
1063
2419
3432
1234
1062
4273
96
4787
3392
3140
2256
655
2558
292
4949
3432
4913
3197
3909
1571
2219
3494
4742
2742
1035
2698
4437
3689
3290
716
1047
4040
4418
3411
1571
1063
1283
2777
1047
2122
729
1923
4359
1283
1063
558
1466
4273
1
2402
350
3565
3914
2640
121
716
3909
859
2942
4532
1322
3437
4818
1654
3228
81
1624
3621
2957
1196
2735
2762
859
2349
2236
1340
3939
4824
3432
2277
3364
4803
4735
3432
729
4119
2077
2870
3736
165
150
4890
4227
3861
1098
1047
4591
3460
439
3140
2987
1047
631
1665
1560
2402
2478
4064
1377
607
350
2942
3364
1047
4373
3011
2846
989
2236
3669
170
5006
3571
716
2349
2424
150
4861
3362
4973
4273
4591
1884
4363
4613
1832
4613
4359
1654
2846
404
206
3935
4835
383
4913
844
3309
2490
2349
1841
2777
444
828
327
4485
3437
1624
3432
2342
342
1879
935
81
1268
2755
3861
547
1047
4735
859
1322
1047
3694
3539
2132
2277
1991
4227
1334
5041
528
2199
2403
3582
4591
4890
3580
1047
3432
429
2431
2777
232
4944
3618
57
4107
4038
4195
2006
1195
1322
4803
444
761
126
198
403
794
3635
3460
3437
72
2342
386
4507
2349
3432
2279
1047
1047
4961
4999
4973
3796
3861
2254
4794
206
528
3697
4047
1542
4205
386
4695
1469
558
1047
1047
1960
4796
4227
2132
4508
2751
3432
1704
2363
2048
859
4973
3830
77
2058
3307
3861
198
465
1234
2478
3687
1613
1047
1047
3669
4180
3432
4949
1670
2349
1665
732
3571
2751
729
4695
3539
1047
1538
4205
494
3364
2469
1188
3582
4630
81
1624
465
4973
3432
4038
3654
4796
2698
4742
411
4487
4608
4605
4336
1103
3615
2777
1923
3290
634
4205
716
4222
5006
2349
121
2755
3935
2132
1917
2236
2279
859
4973
1276
859
2592
64
828
4440
4229
701
4154
2122
4038
2534
3188
1708
2208
1755
3586
170
573
1330
4237
2755
2558
4736
2755
1504
1960
1276
234
786
4961
1504
1408
2754
147
729
404
794
1504
3580
386
729
4485
2469
3878
1759
1276
3432
859
1276
898
4404
716
405
4047
3033
3539
3081
3687
3618
2838
292
1933
1
198
3618
2686
3166
4180
4064
1047
3307
3736
729
748
4796
716
32
2478
4913
1570
4119
488
3563
4794
607
2349
170
3015
3291
3432
2229
898
792
4611
494
2471
4060
4961
2984
4704
4613
1504
64
2553
547
1047
2349
2370
1195
1613
890
3420
1035
3432
3578
3273
2048
611
729
3582
2490
4273
2755
2703
729
3432
828
3504
3909
3654
4064
4608
3615
3571
3878
3920
4973
634
3846
4418
4613
848
170
2735
3364
794
72
2755
2349
327
2236
232
4359
4695
2984
4973
1268
2553
3420
3571
1532
573
1960
1276
4547
32
3166
2349
4623
4507
3437
498
1504
2382
4038
794
844
1015
648
3615
4000
716
4060
4273
28
2244
3858
716
4373
4973
64
3197
5008
1776
3346
2077
498
2777
3861
1654
165
57
2698
2349
3197
2058
859
2886
1334
424
2403
4404
2698
4961
1469
794
327
3578
3166
2254
4591
4378
2596
2419
3039
2870
4507
844
2755
4107
64
3577
2363
236
4835
4718
4718
1194
1377
4425
3539
1830
1933
198
4718
3577
403
3432
1708
198
1776
1047
4736
55
1889
3565
3011
1855
3858
3333
1047
3250
1276
465
147
1047
3432
2236
140
3621
4305
64
28
1063
4225
2349
4000
1283
77
2471
1570
634
64
3586
1063
3460
2279
2946
1761
848
4613
1366
1340
2277
494
482
404
1276
3039
2777
1124
2686
538
4373
3432
1933
30
1047
2870
981
198
1194
386
2846
3448
970
761
3333
72
547
3565
859
4373
3250
1044
1960
3902
1715
4949
4973
3432
4934
4661
4514
1624
611
729
4273
1364
1033
150
1047
461
1142
2755
4205
3333
3669
4421
2469
4205
429
165
3369
3114
1670
2279
2402
4484
740
4611
1188
4835
2793
528
3615
4273
1560
2777
716
4030
1751
5008
716
1654
4999
3577
3432
844
732
2279
729
3577
350
1173
2349
1704
859
1047
716
716
3015
2684
3577
4154
1047
3607
3188
3015
2419
4547
2349
4921
556
2473
3291
1693
2846
716
729
4888
1776
2783
3912
716
386
3846
4273
3935
4835
4704
2244
716
1
3654
716
439
2906
2764
3871
4205
2349
1970
1879
1043
2215
1654
2219
1322
1751
3432
1063
794
2755
1233
1150
2957
2244
898
1
2196
77
2777
634
2151
828
859
4507
1044
656
729
687
3140
2580
3545
3420
2698
3618
140
2349
3981
3474
4613
4047
1322
2363
2349
4373
4205
2759
121
3310
1544
2777
716
250
1293
3039
3504
3432
1322
189
3432
4373
1006
3181
1047
1283
2349
844
2279
1015
4613
3290
859
679
1960
4623
170
3580
859
2762
2906
3015
1006
1047
573
4373
4718
1970
1970
729
1504
3618
2764
64
3940
3448
2838
3432
3411
3250
699
4961
3179
4904
121
3364
3635
3935
2906
2199
3571
3426
3420
4824
1047
4613
3392
1047
528
729
30
4835
64
30
1283
4040
1047
1759
3364
1544
2846
3309
4487
3878
72
2349
4608
3429
424
1571
3504
2403
72
2846
4532
761
3736
1351
2711
4205
4373
2886
3307
2254
2793
1044
1047
1759
4064
818
1322
3432
4205
3071
3228
701
648
2363
3073
699
2886
1665
150
2711
3333
860
786
3582
4687
2349
3755
2382
1704
4591
1124
327
3849
1366
5056
2490
1613
716
327
4485
4421
2596
4824
2122
3577
253
729
4010
787
2349
2698
4273
2349
2698
2906
1047
4890
81
890
4591
4237
1173
3432
408
1063
498
4973
1047
1047
2755
2984
4890
3935
3539
1366
2640
258
1504
3432
404
2751
3694
2957
4060
4373
1704
1377
3290
3565
4051
2846
1460
1334
3539
198
2363
3310
2763
1693
2971
828
3037
4843
1504
4205
498
1268
198
1693
2349
2886
1879
3474
4142
1047
716
4661
648
656
1062
2755
1276
4803
716
150
1063
1991
3902
2490
3761
656
3615
567
716
1043
4487
1047
4373
3432
3392
3081
729
4373
3578
327
729
3646
2469
439
2846
1047
1364
2592
1283
1570
1917
1047
2698
2838
3432
2984
840
1970
4611
96
4038
2132
342
3902
2349
1560
3981
3346
2229
716
3846
3654
4047
1434
761
4373
462
3654
258
3392
2469
4973
2478
1322
2349
2363
3432
528
4718
3935
3935
716
4508
729
3586
72
1504
2215
2595
4961
2870
4205
2838
4953
4961
383
2363
4630
2019
2957
1876
4961
1330
3577
2846
1532
4591
3333
3432
4630
72
729
1322
2256
4695
4973
4843
5113
3846
3621
607
4072
3542
4107
538
4107
2759
2431
498
2349
4913
547
3909
1142
3415
4514
2703
4336
1949
2349
3528
4944
2349
1047
206
2755
898
2199
2793
4378
2349
2755
1879
638
444
4890
327
1624
4000
2698
4119
2592
646
3582
4736
4861
327
189
3736
1047
361
3432
2471
4373
859
3935
3895
538
4913
4687
898
794
699
1063
4107
488
4591
2763
2478
1334
4736
2349
3392
3615
4835
4359
4047
828
4485
4477
3700
2219
4273
4425
77
2906
3364
3692
3967
2519
327
716
1889
2580
3615
1150
72
4010
64
1776
4484
4450
46
4119
333
2349
3694
2592
828
3181
4687
634
498
2446
2236
3878
2279
4487
2349
4205
126
4735
4180
3364
494
1970
4051
424
3895
4973
4961
648
3411
2279
4373
2640
940
2473
4064
2777
126
656
3432
3081
3437
4794
77
462
404
236
3291
4532
2473
3912
2742
2906
2870
3582
1654
72
859
634
3432
1
716
3494
1970
1322
1033
4487
347
859
3362
1047
1150
461
3858
3432
1098
72
4107
4336
528
859
3736
3755
64
1047
2516
72
3290
4080
5008
3460
2534
4050
1047
1708
1684
3694
1613
692
4273
3432
4687
2363
3250
72
2684
4205
940
424
81
2199
3554
1708
1
1276
189
2942
1276
4973
424
3981
2992
64
4414
462
4154
81
72
1560
3250
4591
3607
2777
2846
198
2992
3654
639
2777
1047
647
4477
482
72
4888
3582
327
1047
46
81
3755
3578
170
3692
1434
1322
2519
170
198
2349
2403
3364
1544
4064
3849
1098
634
1047
4383
3426
465
1776
2215
3958
4107
3565
3392
4605
716
639
4514
4142
81
2793
716
3364
2886
648
859
4576
3967
4953
4736
1761
3009
1047
2312
3939
4591
4047
748
4205
556
1504
3935
3474
701
859
404
3188
170
556
3578
3687
2906
2984
4630
95
1832
3141
4803
1755
1268
1150
4507
4591
3915
3432
2419
3542
2349
2755
64
1047
2592
2777
2363
361
4888
1103
253
1063
4383
3197
558
3618
1684
4591
1504
4888
1047
3420
3432
3005
828
4623
1322
3654
2277
1293
81
3049
2519
3140
2984
1195
3049
72
444
3333
3577
4378
2906
4000
1504
4030
2984
465
3607
607
3037
2402
3124
4630
3692
761
383
2984
3073
126
786
2006
2349
2698
4973
1276
4273
1047
4000
460
3114
4107
2759
3578
2349
1884
2349
424
2777
3565
2469
3554
3432
1460
1830
1047
1571
1598
3432
4913
3694
1624
140
1613
2471
1283
3364
3474
1469
4973
4630
4000
4229
3935
4205
2349
4051
3081
1366
2755
327
253
4378
1276
30
2342
2957
2942
3578
2578
2777
2578
1047
327
4796
935
3878
556
2957
2471
1103
639
2906
2370
4687
4718
72
638
4944
3607
989
4704
3333
607
3333
898
2473
1
1684
3432
898
3432
126
3011
1665
3939
3011
4064
4687
3895
2469
4606
1504
3761
2019
2987
1751
3474
1276
2698
4373
4547
1234
1063
4404
3364
2349
2419
2402
1330
2777
4591
1195
2116
1268
4921
3736
3565
729
3563
189
898
2279
3369
3432
940
1704
1624
2122
2132
4961
2762
4038
3140
989
859
4064
72
792
3081
3011
3654
3448
81
4195
3290
64
4072
1103
781
3580
4273
72
3181
2755
2777
4718
72
1047
729
573
2349
2977
4532
4485
1504
4695
2277
859
2759
2279
4944
462
1047
2370
2764
4818
3140
513
206
57
699
4861
1654
4305
2592
234
4628
859
3432
3141
1570
1322
3114
935
3290
3432
647
2058
4180
716
1377
4222
1708
656
2342
55
1062
3654
4961
264
126
4605
1318
1504
383
1469
1544
1047
2592
3796
4913
2777
646
1704
4973
383
2402
729
639
732
1903
1776
2977
4591
494
3755
2349
898
3610
3432
4628
2349
2279
206
1063
264
646
2846
748
2640
2711
222
1047
781
1047
844
2698
729
1103
634
647
2279
3307
2254
206
729
2846
656
4030
859
3939
2906
4999
170
2077
716
4718
2431
1098
72
1759
687
472
3005
2208
3392
189
3295
1755
198
3654
4961
547
2957
3604
3940
1715
1063
1855
3935
2742
2256
2116
1334
383
4154
4613
4373
2215
1879
3140
732
1250
828
1047
1047
2349
1334
4973
4030
1504
2595
716
4180
3539
3250
3432
2906
3140
639
4961
556
4736
72
3582
699
3635
3565
5067
4425
460
4611
4611
648
2870
3333
170
4050
3290
3565
1532
55
2349
3846
498
4591
3426
4904
1047
4119
3346
2469
4047
729
4205
792
859
4704
2751
342
3364
761
2519
3179
3114
4796
1103
1624
3539
4205
46
4373
607
2595
3849
2254
1003
424
2338
890
232
461
729
3700
2846
1293
1047
4661
72
405
4576
3909
4591
573
3796
4973
828
113
3958
386
1761
1047
2077
4072
3197
444
2349
716
3474
4953
4373
638
2519
3392
2977
2419
1334
3197
792
4944
1879
3429
3188
729
556
1933
64
4949
2698
1970
729
3011
3432
859
3181
3039
342
3250
748
1047
383
494
3474
4359
528
818
1063
3577
472
150
4605
781
716
859
3382
1598
30
461
4913
4890
4944
1504
3582
3088
2763
2846
1250
1179
3346
3669
1043
859
2777
656
840
4921
2236
4961
794
46
4000
1047
121
4273
1142
761
3179
4704
3545
2595
2215
3981
1876
3392
828
4359
2742
72
3621
2151
4861
1047
656
113
2077
4205
3432
1318
3432
848
3694
5006
404
3432
3124
140
1884
2793
787
2349
383
2987
2516
4418
4373
3912
3290
126
383
4060
2764
2469
2402
2846
716
940
3426
1098
3615
656
1098
2446
4796
740
558
1047
1268
607
2698
4225
1469
64
2256
716
4796
2640
333
2698
4704
2762
1047
3197
198
2578
2363
4576
4630
680
4030
716
3102
4591
482
1598
634
2646
1704
77
4613
72
4404
716
639
2402
4611
2735
3364
2886
3563
64
2116
1330
2471
1234
844
4961
64
3573
3197
2132
2751
4573
528
716
2219
1103
1047
3448
3429
4414
1889
30
859
2349
3878
4687
1542
2751
4888
2754
4107
1276
2370
2236
2763
2363
2342
3935
547
2957
2132
1195
1366
1469
494
494
4363
3197
3033
404
3141
3364
5041
1020
2254
1434
4485
1047
1103
3432
2279
4508
96
4818
1047
859
716
2595
150
2703
5006
2363
1233
72
1366
3539
498
740
3364
859
327
2946
3039
5006
3171
3049
3610
2755
2703
3761
2228
589
1544
1876
1970
2906
3432
4421
4477
4107
1538
383
3011
3303
4742
3654
2755
198
1150
1377
2906
1047
1047
4591
2403
234
2906
3849
1044
1408
2777
1098
2077
2906
2698
2279
2236
3290
234
2363
2977
1033
1624
2516
1047
2431
4373
222
3392
3615
3669
2759
2942
64
2711
4953
2755
4973
634
1366
1322
716
72
4973
3448
4273
748
2703
4735
5006
624
2402
4484
1460
2698
2698
2711
2906
716
1047
2838
859
3915
2229
2471
1268
3432
1708
4625
729
4953
1047
3015
2984
2762
64
2783
3736
4180
2402
4484
1322
2349
408
4913
198
465
1884
2048
1624
4222
72
140
4060
528
2595
72
4205
3081
1538
3571
46
607
2977
1063
656
3571
3830
327
4205
4913
1624
3895
3571
1047
3333
2698
1047
1351
4973
3563
2077
4373
3411
2349
3228
2751
859
859
3290
4835
3432
4736
1
3124
1960
1047
1173
460
4373
403
4205
2167
1276
198
1047
3920
4630
1970
1538
3545
1624
2698
3382
424
4718
3114
1949
2957
386
3736
528
1233
1855
1469
4047
2349
3646
1670
3539
3895
890
2077
292
4273
2553
1047
4485
2342
3736
3554
1571
3346
1879
4611
1532
4450
732
4613
2870
2048
3871
198
1322
1195
4628
4205
2553
4704
81
3565
46
1047
3697
126
3563
2490
748
607
4421
2349
3920
462
72
361
1504
3958
4913
2363
4833
4591
206
2698
2711
4796
1047
4205
1504
1035
732
3473
494
3621
3694
3432
1970
792
4625
701
1466
1830
4736
4363
648
2846
2906
844
1755
1970
4613
729
2469
1613
2640
347
2595
4961
2349
2906
1504
2846
3578
3849
3615
3494
4973
1103
4591
4818
1047
96
4404
3692
4742
4796
1047
333
1205
4047
4843
4736
2077
1047
4273
2279
4803
4573
3432
1047
206
859
792
3545
3432
3140
859
170
2516
3197
361
556
1276
3940
2048
2473
3033
2906
3426
342
1047
2516
2777
1043
828
3411
2755
461
4373
3878
198
2777
547
2578
1276
72
4227
3197
5067
4180
1434
3039
1460
716
4913
3849
4608
4611
4080
4794
716
2473
732
1322
3011
1268
2762
4484
1299
3392
1047
3547
1542
4704
4373
5008
2349
2122
4477
1949
4273
383
4961
716
2698
3102
4107
2473
1
3573
2906
2349
404
2996
631
716
981
1142
940
3102
3563
198
3830
4404
3939
1268
3755
2349
3687
4425
2592
4064
3615
3577
716
77
3114
1142
1970
2244
860
3011
1173
4047
64
3197
1504
1196
607
1015
748
1047
2906
2646
1194
1188
3563
3940
1047
2783
3539
962
2122
792
4336
3554
3621
2684
3474
3432
4630
528
2846
2640
1047
3697
3073
2349
2698
1884
2236
4273
1759
3415
1047
2216
2349
3615
77
3577
3755
46
2196
3346
2116
3578
761
198
1268
1970
3504
3364
2132
792
4373
2698
2219
1318
547
4180
4383
3432
1991
716
2349
2580
3849
2698
1047
761
3669
4605
1044
189
4030
1776
3310
2754
5006
1991
648
1318
1234
1047
4107
3037
2254
4591
1299
3171
3460
1970
4671
3577
32
3861
250
1598
404
3140
4532
4904
2711
2424
2783
1318
4608
1542
4440
4359
3432
761
2755
1276
1366
859
1949
1776
1693
558
1879
4973
2783
3250
1560
3426
1003
3179
1841
2703
3573
189
3528
2419
2783
2866
4913
1103
1047
2698
1047
1047
64
4507
794
2777
1751
1047
3364
2132
4273
1624
4913
1504
5113
2419
2077
3586
828
2132
4373
198
859
2349
2906
465
2984
547
4040
3692
2006
3432
4623
404
81
4787
1340
1
2228
3033
1194
716
2777
3432
2208
96
2019
3432
3539
898
4485
3432
2419
2777
1830
64
72
701
4913
2764
4671
748
264
1047
4030
4953
3392
3432
2363
2349
2906
4273
3290
4040
3796
2370
3369
4949
2558
1063
3303
4373
5008
3432
4591
2349
2957
2236
2363
3429
4687
2208
1047
4661
4080
72
2711
2846
3432
4608
2764
4904
3333
981
4913
2349
859
72
3432
1047
528
1299
4507
4973
55
1970
3547
1047
1195
3005
404
264
3689
206
2777
1276
2349
2349
647
4000
327
5008
859
2592
3715
1624
3858
258
404
648
2870
1340
4934
2742
4742
4890
1062
940
3420
3432
1469
1276
624
732
4485
3715
2167
222
126
2793
4735
2229
1570
2077
3846
4949
327
2996
1917
962
3610
498
1047
77
4373
639
3902
5060
4704
631
3615
729
4913
461
1047
121
2558
716
898
2977
848
4195
3429
3432
1466
5006
3912
3736
3346
2199
404
1047
4507
607
2886
72
5113
462
573
4861
258
2580
3188
3618
4608
4973
482
3140
3618
3607
4611
2534
4736
1960
4625
4671
962
5008
890
701
2592
1654
1334
2077
2349
2558
2755
165
3586
2686
4418
3420
1047
729
4735
716
1047
3432
4359
634
4613
898
3114
4973
64
828
1047
1334
3646
2236
4913
4695
2870
4107
2219
3392
170
2646
1234
1035
3635
648
4051
2208
4404
2402
1
2763
3635
1318
2762
2987
461
2244
250
3694
1504
4736
1991
3849
3935
4718
5067
1233
3539
3542
4485
4913
2519
2490
646
4487
488
1098
3582
1504
4047
935
2578
1173
1047
327
647
3437
494
3615
2971
386
2957
1970
2558
859
2478
3539
3415
4359
3878
4508
1366
2122
4414
3392
1598
4518
4336
558
1043
72
740
647
2777
860
3140
57
327
639
4787
786
716
3736
2363
828
859
4921
4591
2906
2431
4425
32
859
859
4736
3015
859
1434
2984
4425
3692
462
4064
1194
4949
2236
4532
3197
2711
848
1283
64
3577
1063
1751
716
2762
2957
2816
2349
121
2777
4359
2349
2686
1654
198
3437
3618
1504
411
4425
1334
2349
2793
2698
2558
72
3432
1504
403
3669
2151
3141
3432
494
206
4695
1276
3610
4373
3755
740
3411
98
72
5056
3362
4718
4142
4890
1708
4359
4718
198
4010
4142
1841
327
4605
4450
716
2777
1003
859
1268
2906
818
4794
2349
1879
1047
498
4532
919
1654
333
1063
1047
2363
1751
72
4687
729
4605
3902
3291
5006
2349
716
2338
4072
4973
2342
1047
4107
4736
462
3654
2777
1364
2349
859
170
729
64
2846
792
4961
556
1006
1196
2519
3071
3197
5113
383
1841
1759
4961
1654
1047
4010
2906
3692
679
1466
3011
898
4205
2349
4378
1173
3473
2777
716
386
859
1876
1538
3618
1276
1047
3102
4047
639
347
1544
4227
4359
5008
3011
2866
2196
3580
787
647
170
3849
1759
3915
4573
189
1366
2957
3694
3197
2553
761
2846
2446
142
1991
2363
3102
3580
4718
1624
1276
1003
2906
472
3669
2838
327
3141
383
1991
3615
1047
77
4695
4606
4484
4373
1047
1504
3958
4861
2596
4630
1613
4628
2402
72
3432
3033
1560
3432
3565
3577
2534
5067
1276
2349
4373
1276
1917
3935
4487
2279
1268
981
1855
1194
2229
3166
4623
1195
716
1047
573
3309
1047
4961
3539
716
4072
848
64
2992
2698
3309
1684
3563
5006
4573
1283
3429
1715
5008
461
3474
1960
5008
840
786
859
860
4904
4222
4487
126
589
4547
170
2755
859
4608
498
2419
4796
3364
1364
3692
1970
4803
57
729
30
2906
1283
4373
3915
3426
3426
3861
4373
1063
4591
639
1469
2846
3573
1150
716
3250
1063
513
4154
1322
28
5056
828
2471
1150
4205
4913
2595
3432
3577
716
3411
3432
4735
2151
1884
198
1035
4953
3166
1044
1460
1684
170
1283
113
1469
2382
2703
1991
860
3364
4373
2215
3504
3432
3411
556
198
1917
2469
1283
206
4913
1460
4487
2793
4273
2580
1322
1970
1299
91
2735
2419
679
2167
2846
4107
3179
3460
1884
2419
2215
729
2473
4485
2957
3920
2219
3250
327
150
2870
1624
4605
3346
5006
4913
3362
2742
170
98
386
3303
1035
1293
3554
2984
2236
4625
1276
4363
2764
2906
3539
4378
3577
1047
1970
2349
3571
77
2349
1124
4532
634
3369
1276
2349
4824
4913
2762
1571
4418
72
840
794
2957
631
2946
1047
424
327
3364
424
4970
236
781
2735
3011
2228
5056
1195
2279
64
2777
342
716
3290
1006
2519
3565
72
859
4508
1047
30
2349
198
1047
3474
4736
4973
198
4591
404
4418
4180
3494
2349
859
859
3967
4039
1460
3618
4359
5060
1408
935
4421
2363
1903
327
2277
4843
848
1
2957
639
5008
1759
4142
1408
3689
3197
4273
4606
3015
4421
404
3849
170
1047
859
1949
3432
2077
3141
4625
1970
439
3432
64
2349
1043
1179
2957
1504
1047
1366
4573
4060
2870
4890
898
4625
3861
4383
3037
4273
170
3197
3290
792
1366
2431
2777
4780
3715
1334
859
1047
96
5113
2469
3188
1020
3197
1035
3369
1047
4205
2058
1276
1124
3915
4273
4661
2755
3687
3009
1194
292
792
439
2592
4373
3141
679
1504
2996
3039
3871
4507
2755
2077
1047
935
5041
4373
2370
4796
404
3607
1205
3273
1047
2957
1003
4440
4824
461
3958
3250
4611
2419
729
3861
72
2019
4507
634
403
4154
513
2382
4695
1693
150
4373
1124
679
2208
840
1960
4440
2640
2349
3250
1759
4485
72
1693
91
461
91
4833
1598
2698
3037
206
1693
4961
4227
3849
4047
4591
607
4047
4973
1759
4833
859
2312
2279
3615
3364
1299
3895
4038
2048
4485
3700
72
170
4040
4913
547
2516
4576
1047
1670
2942
646
3382
64
4671
1047
4888
4072
794
859
2516
1504
4222
232
3011
2777
1233
1665
72
4661
3528
488
3290
4890
3571
639
1047
4608
3563
3902
2592
538
4064
4835
2984
1276
405
2534
2516
2048
5008
3141
1063
4373
4030
648
3578
1708
198
3571
72
77
3437
3071
91
981
1063
4072
2349
1047
170
4508
1
1322
3935
4047
3179
4944
1855
792
3615
3364
4973
2402
72
2698
1923
2906
72
72
4843
1283
3586
30
1613
4507
3610
170
1268
781
648
3586
30
1250
2471
4440
2199
2783
3577
2256
1560
3432
64
4718
2490
2640
3878
1276
327
1047
1098
3141
4373
2793
3694
98
424
607
2698
198
292
547
1047
828
2698
1195
1322
140
716
3582
4359
1330
140
639
4072
3494
2349
4000
4695
729
2762
1889
1832
2735
4383
2777
2755
4484
3861
3005
1884
638
4890
4425
170
2777
4507
2256
716
4080
4547
1340
3539
1195
2279
2698
1571
4373
3005
716
2846
3700
1598
3473
1991
4273
4687
3015
3542
786
3692
1855
1047
1063
4861
1903
2363
2906
729
150
4803
1063
567
4611
3539
716
461
1704
1063
2698
859
4507
5008
538
4060
3715
3580
4973
3333
1035
2363
655
2592
2987
4226
4961
859
4404
4030
3364
3426
1047
3039
556
3432
461
2236
1150
4383
1195
170
648
1330
1003
4373
3504
81
4205
2783
264
2349
655
1276
2906
5006
2846
4613
250
4195
55
236
424
4030
3571
1268
121
1063
429
1047
404
898
3397
5113
3432
4913
3504
4605
2349
3935
2777
2519
3981
1598
3539
3654
3011
3578
3295
3654
64
4944
386
1047
3197
859
1693
547
647
624
3364
1276
2862
5006
1841
234
3615
72
989
740
98
2946
2349
234
3011
4404
1755
1268
2977
3033
2711
2595
1855
1504
383
4359
4913
4373
3542
1434
189
2151
1047
2870
1377
3861
2558
2077
2984
1063
3364
3364
3197
1047
4973
4736
77
3140
1047
4718
3015
3615
1560
3102
1970
1318
716
859
3935
2984
4154
4913
4484
4803
716
840
4824
3545
2592
2777
4780
4736
547
386
3005
4273
3586
3654
4949
898
2698
919
5067
72
4625
1047
1015
4373
222
513
4030
3830
3618
2755
3669
1504
3429
2763
3432
1322
716
1283
1598
1047
528
2684
142
4718
1960
4576
72
1033
4518
2382
4508
4205
4205
828
72
2957
2349
2906
3528
236
1318
4718
859
2058
787
4227
5008
4010
1047
404
3015
3460
3878
3197
1062
258
3571
3474
30
3460
2866
2684
3460
3188
2684
1063
2279
234
460
940
2640
1047
4591
3692
4514
3228
716
3861
3290
1570
2906
2764
170
1377
1293
1504
3228
72
3432
3578
121
4861
1276
646
3432
1234
3871
4591
1322
1047
729
859
3473
1047
4237
3273
4835
3582
3432
462
3692
1047
3049
232
386
2777
411
2992
528
1047
1063
648
72
4477
2349
55
2777
4383
3878
859
2783
3539
2957
424
3654
2783
716
3870
46
72
729
4205
4000
859
4072
147
4718
787
2236
844
3939
1047
1933
631
3081
498
4591
761
3432
4613
3563
1917
3871
989
4072
1571
4949
494
4961
729
2349
4450
1276
4180
4973
4507
547
403
72
4205
4142
1194
3539
3474
729
3615
2349
3563
98
2256
2992
258
2764
716
4373
4425
170
3171
4888
2764
729
3197
64
3140
1542
2906
1340
4383
607
3870
1047
1504
3504
2122
1047
4072
2755
3582
716
2349
4913
1047
64
2370
4630
4195
465
2777
55
624
1047
3539
4305
3290
1205
404
981
3114
962
2783
3909
55
4835
624
729
4961
4373
1179
3037
1351
2698
4373
2777
2755
3618
404
1340
3654
3545
4514
4440
3615
292
3426
2469
859
57
761
1542
528
859
3958
250
3935
1560
2382
2122
3830
3920
2473
327
3114
3692
2698
3697
2992
1542
716
1
787
4450
547
3432
3073
859
2846
3228
898
1755
3432
2755
4913
1532
494
4418
716
729
3188
4222
1194
4373
1755
2244
2229
1268
2469
3935
2592
170
3849
72
3565
2349
198
639
4205
2402
3429
2816
3432
2349
3849
4205
655
170
4973
408
1684
1047
1876
140
2558
729
2122
1624
1665
4425
3364
2984
1033
1469
1047
4704
4613
2755
4180
4237
3166
3011
3197
1876
461
2783
403
3081
3309
461
4226
3830
655
3432
91
1268
4373
4661
2019
4913
3610
859
1366
3141
2544
729
3939
1704
4373
4487
2763
740
1047
3303
4824
4890
1685
2846
1047
2762
1841
404
2984
547
170
1063
3039
4487
3539
1063
3362
699
3432
4944
3504
1693
4704
1063
4336
3870
4704
860
494
2431
2077
3578
792
2431
1047
3689
4418
3473
4704
2957
4833
2866
3437
2762
4373
4010
2349
848
4195
5041
3290
1571
4030
729
2755
142
1970
2544
4671
828
2906
2759
3114
3432
64
3542
4591
4060
72
465
5006
989
3615
4718
126
1364
4039
860
2957
4030
2006
4047
1047
3362
3958
2446
3420
1832
3197
624
1268
1276
3273
2349
634
5006
2229
748
3432
2906
699
1949
2977
1504
386
3011
761
4888
2595
2553
639
2236
4418
2777
1047
3654
5067
2431
1173
4378
4273
1832
859
472
2279
3432
4107
4205
3411
4450
3692
5008
859
1855
2349
1044
4949
4030
2469
2846
3411
2783
4305
462
1020
3460
3291
4418
30
72
716
2469
3736
96
729
3612
4904
1334
3958
4913
4425
1704
3615
2236
170
4440
699
1035
3849
2349
638
538
424
699
624
2431
656
859
3582
4961
1830
429
859
3494
3197
55
3397
513
3761
4736
405
4835
859
2558
2349
716
2957
1283
3015
4373
264
121
4628
3432
4485
198
198
404
1855
3736
2256
2370
1351
2777
1504
4961
4205
1903
2846
4404
1006
4226
859
890
3612
4373
3392
64
4735
607
1654
652
46
150
1173
3571
234
2777
3197
2349
828
2519
4477
2208
1761
1063
258
1334
2363
1949
547
2580
3694
4373
1855
444
4030
3474
4718
383
3615
2244
4107
2519
3411
3197
2349
647
3432
2349
3188
1322
4142
639
2199
639
1047
1233
3912
2279
1150
3858
1283
2984
716
350
1571
2996
3460
4080
3432
4591
2349
2946
2846
2349
1015
787
787
547
699
28
528
3830
3610
1334
64
1364
1047
729
3369
2431
361
3846
30
4718
3364
3141
1923
2419
482
2279
142
5041
465
482
2419
3140
2558
2777
890
461
607
404
556
2777
4949
494
72
72
4671
3015
4591
264
5041
2886
3604
4080
198
2906
4613
404
140
2244
729
2755
4796
3563
3432
4418
3935
4949
5041
4047
4047
2906
3474
4485
3909
3307
342
4040
404
2349
4973
638
3141
1542
2777
1759
3796
3081
2349
3102
222
4507
4373
1460
547
2419
848
4591
2971
646
2312
3420
2402
165
3849
3432
1033
2151
5113
170
2196
4225
4961
4780
2490
4373
3432
4913
1841
1
383
1047
2349
2763
198
1923
1142
3582
462
2019
3542
4373
403
198
1970
1063
1504
72
2906
2279
3124
250
4107
680
4591
1504
1624
2473
4273
2349
716
4205
940
232
3426
4205
1889
4336
498
3615
3364
482
57
2402
404
3858
859
126
4736
28
3858
3694
2431
2777
4373
701
3902
1276
4336
2751
4273
1047
2698
4040
860
2228
4718
2886
794
701
2777
333
3415
1047
1268
4611
4803
5067
4273
4613
3542
2816
1063
680
1142
3878
1047
2698
3346
4953
3432
1351
1855
64
844
2478
1276
3539
3539
4440
2058
424
498
2516
4973
494
2793
4695
3849
611
4843
4843
4273
2370
2592
2977
2519
3429
2349
2077
3432
2349
465
3654
1268
1761
3494
3474
4949
1043
792
4222
3392
1776
95
701
4485
970
3473
126
2431
4363
3197
3011
2755
716
2906
3935
4373
3382
72
2595
3914
1318
4961
1504
3411
3542
3504
4890
4484
3188
2793
4824
3909
3612
2862
2846
1150
4373
3742
1047
4623
3197
4359
794
1377
72
170
424
4833
4373
701
3669
828
3290
1366
3290
4378
3539
2640
3878
1434
716
150
2698
2132
3140
4843
3295
3397
4373
4949
513
786
4072
3694
729
1293
3545
2446
3015
860
3571
1047
4205
3866
4222
1830
4047
2846
4591
3290
3967
1560
5113
2906
1047
2256
4904
4107
859
2777
72
3141
2698
2349
4359
1830
1047
848
1544
4623
4591
716
147
2906
2906
2846
4742
3114
2478
3935
3870
2349
2592
828
4630
4000
2469
2349
1504
206
4944
2519
4913
1195
3005
3364
2219
1047
3920
404
589
1366
72
2578
1334
72
2048
4949
3604
198
3364
1047
639
165
5056
3694
2370
2906
1665
170
3140
4973
4418
424
1195
1334
729
2698
3871
5041
64
4913
2363
3958
1276
2777
3432
1504
898
4047
792
781
98
3582
4718
1142
2077
4487
1047
3573
4890
3618
4437
1504
3460
2471
439
2116
3571
150
3578
3654
64
1268
1469
716
3011
2946
3578
4623
2783
4222
2751
1654
3858
1150
1293
2755
72
1047
4704
3578
3071
3460
386
140
383
2906
859
2906
2277
3309
1293
2703
3612
3895
142
2382
3610
1665
4718
4205
4205
2516
716
589
72
3687
2077
98
2735
3392
4507
2870
2402
4780
4305
1469
818
3295
4736
4180
981
1098
333
1366
1047
2490
558
3580
1776
5067
4051
729
404
1047
2751
4913
2363
3166
1195
716
64
4440
701
4414
4949
4613
1047
1466
4973
3432
3411
4222
2846
498
4363
4613
2349
3432
859
91
3761
624
2755
1103
126
3610
4671
3849
3935
2816
3504
4591
2984
1970
4953
701
4796
859
4949
859
2349
3582
840
2686
3870
3011
2363
3615
4205
729
333
2469
3542
2349
1970
1142
2783
2349
4573
859
2870
404
3967
2762
716
2580
611
716
4970
2906
3411
3577
2957
2199
4949
3250
1268
327
859
5113
2402
4573
150
3473
729
1063
2382
3432
2215
4794
64
2228
1560
3250
4661
55
2751
844
1665
740
2151
639
2228
2516
3432
3849
3967
4425
859
3188
3432
4507
5067
1434
2838
634
701
165
2349
264
4803
28
2363
2846
2077
198
2236
4613
3849
4736
538
1970
4904
2755
2996
465
4949
4487
3846
1043
2596
2946
4378
1322
3563
859
2151
170
2816
170
3197
4205
3037
3039
729
1377
72
1693
4718
2403
5006
3448
1408
1377
1366
4373
4484
3554
2742
2544
3577
4222
2116
2783
3473
3369
656
2122
4591
498
461
1047
2215
2236
2349
1
4180
2846
2077
1047
1043
2698
4450
2783
2469
2755
1047
2236
411
5056
1047
1504
3494
72
1322
4973
1832
4630
3432
3432
2755
634
4000
2984
28
4949
72
701
3528
2244
2777
4630
4421
3607
2793
3909
2196
2751
2777
1150
327
729
4613
3895
3141
1504
147
3307
1276
4742
2349
3392
2870
170
3166
72
729
1047
4780
1322
4953
3920
3392
3539
3694
1047
1250
1047
404
3369
72
113
170
860
1504
206
2764
292
1670
189
4373
624
1047
113
4613
3915
4608
253
2777
639
222
729
1693
3618
488
2196
2698
1047
1047
748
716
3448
1047
1047
386
4226
3426
5113
140
3124
3429
716
1434
4913
792
716
2838
1598
859
3426
3015
5056
4047
1063
792
646
3612
198
4373
2363
1043
3669
1684
3582
72
3915
72
1624
2349
4195
2236
1970
1047
3654
828
3197
3878
2906
3432
494
3197
1571
2349
4973
2244
1685
1991
729
2363
4363
1665
3577
859
327
1322
1047
383
2349
4591
1047
3607
3582
3912
2987
3565
1276
4205
4625
4718
1268
1841
3849
3635
327
1234
4613
716
792
2987
701
639
165
2431
4591
386
3895
150
5113
96
3715
488
1538
1570
4227
3582
4404
1098
4273
528
1047
4630
3015
4591
3432
4485
2349
3615
113
2996
786
1063
1685
342
3291
170
4225
3310
4507
716
2553
4107
3432
1469
1015
2686
4273
4591
2490
2077
1377
2698
3565
72
2846
3171
699
4611
2777
1
2077
424
4628
962
2846
1098
4576
1276
2338
482
4953
4591
4000
3081
3188
3654
639
1283
4591
4742
2478
2519
748
840
3528
81
4205
1047
2419
2199
2349
3573
4718
4359
1047
1047
3935
3364
4273
4047
4418
1196
2471
1366
3141
3011
1855
4142
2592
3426
3654
3015
1855
4359
2244
2431
170
3796
859
3415
2946
2755
1293
3166
3411
859
2403
4507
1759
1015
589
3654
2906
4961
1234
716
198
2431
3958
3364
4060
4205
482
498
699
2446
3895
4205
3015
2419
1917
3015
4718
3715
3166
1299
3694
327
150
1299
4611
3935
3429
4060
1047
1196
1047
4532
3432
4205
1759
556
4718
253
3432
4835
2402
2755
1276
828
2971
4704
4363
170
1276
2838
170
4973
1613
2946
859
253
2349
3577
5008
1340
729
528
3692
3687
4336
4425
126
2992
3604
1142
2349
2349
2763
607
729
4373
3689
4949
1903
3460
3902
2777
4064
3426
1469
170
646
4477
1570
4373
3849
198
4485
3580
198
1047
4518
716
95
1884
2208
748
1970
2349
1504
2866
439
96
140
150
3432
844
3554
4704
5067
3697
2862
55
1377
4573
859
1035
4742
3415
3011
1276
989
3563
2742
81
30
4154
77
2783
3920
3009
2906
2370
4613
607
2116
2846
1755
729
121
4359
3504
1276
4780
2431
1624
3088
126
3612
2446
4611
327
2846
3437
4437
3015
656
4000
2403
4735
3197
4450
2363
3039
4225
2279
3346
786
72
4425
2777
1933
3539
3432
3573
898
2578
2977
4359
3915
3197
2971
611
4421
4437
3761
981
2846
150
1150
327
4861
1469
2349
1876
4973
2349
859
4970
3429
460
1047
2519
3250
3188
2886
3037
3689
1504
77
1196
429
4780
1408
2469
3197
4205
170
859
1196
2469
32
2349
1044
4591
3307
482
1855
1504
2987
72
4913
2703
2519
64
1033
472
4450
1195
121
3197
3197
2735
2363
2132
342
4450
1047
1173
4671
77
4861
64
4142
1047
3415
2640
77
1693
2419
72
4611
1015
3188
3250
2279
3861
404
2208
2419
3607
3654
4418
648
4038
4205
4970
1098
64
1233
4222
264
3432
3539
72
1654
4944
2349
1047
488
2906
5067
2783
1504
859
4591
1434
3432
3474
4944
404
3582
828
748
3909
4080
1047
2277
2534
1598
4718
3539
2906
2906
3460
4613
198
4477
3494
3861
2058
3563
3692
4418
1318
2244
462
2735
4273
3577
2446
1598
2596
236
4591
4195
3369
198
461
3935
4518
940
258
3615
3539
1460
55
3830
1043
2077
2349
4373
2838
1047
2019
170
3563
4718
72
1366
3364
2640
3432
1889
1047
5113
4060
4000
1043
3011
2256
3033
2116
1755
4591
150
3114
3909
1047
1268
701
4949
4718
4591
150
1469
3654
28
607
2349
4154
647
1504
462
3542
3049
3228
2478
4736
4611
3539
4425
347
729
3290
4591
460
1613
1234
1466
528
2762
4736
4613
2742
1708
482
1351
3037
1598
55
3432
4736
729
2578
4373
716
4142
4613
3303
2640
3073
4373
3250
547
2516
232
589
4363
462
4225
404
860
404
3669
2349
1003
2592
859
716
1047
4227
2558
1188
787
3615
3141
1276
3858
2349
3166
656
2349
4205
2349
859
4605
444
2592
2419
3866
729
4623
2596
4625
2698
2595
2596
4378
3415
1234
3849
646
4107
1047
327
4623
4418
4418
3858
494
2077
198
2777
292
1469
1917
2363
206
4944
729
1469
1570
4944
4373
3432
2558
4363
3895
573
3197
3615
4205
4913
859
1366
2349
2236
1035
4780
4484
3432
3830
3563
3432
890
556
1006
2363
2777
2592
408
3878
716
2402
2342
3432
3437
2349
3849
1047
3582
2363
2763
3432
4934
4843
3432
848
859
2216
72
3618
2984
4973
3392
3571
2519
1047
4718
2469
2208
2992
4953
1434
3578
2403
3140
3290
989
1047
2987
792
792
2534
828
404
2534
2279
2595
32
3009
4363
4611
2342
404
4591
3473
3382
4608
3411
3397
1708
3426
1044
198
4605
3580
1434
3015
699
1063
1047
2596
3290
4373
461
408
3545
4973
3689
55
3346
2777
2703
787
4373
4273
2942
72
1570
327
2763
1047
4373
2349
2942
2957
740
4205
1047
3547
3474
232
2403
3460
4630
2544
4414
3303
2777
95
3228
4704
28
1751
4072
4273
2349
3411
1276
729
3577
1832
2755
4973
3197
3397
2254
3426
4591
3429
2751
1991
4010
4867
2349
198
4064
4047
4608
2419
4030
4373
3432
1047
2058
4970
787
716
4418
4591
547
126
3902
3615
1047
3197
1538
1063
3618
4780
3577
716
1047
611
4835
4047
439
1334
4373
4671
4794
2846
1693
2684
498
2596
2777
2846
1195
4273
4661
4039
1188
3914
2490
3273
3432
198
3494
2698
72
2698
1970
3554
1196
3618
787
3610
2735
639
198
2684
2342
4613
150
2971
1035
729
2711
1047
2228
4142
5006
3291
3577
5041
4222
2349
3849
2755
3571
206
4736
1250
2349
2759
3689
3102
4973
1098
1188
462
4949
404
3460
1704
3250
2349
2957
72
1047
2777
3618
2742
1377
2349
4742
4835
919
1504
1047
1504
647
634
5006
3577
4450
3761
1283
2777
1047
5056
4970
2419
4824
2698
4623
859
4973
634
2419
962
1685
494
444
3940
386
3432
3895
404
4359
4030
701
1195
2349
64
716
3290
3849
748
4628
3755
1504
4547
2349
716
3542
970
4973
1571
3188
222
4485
729
3432
2957
4949
4591
1098
1624
4718
4591
1047
4205
1063
2402
3612
170
1103
404
3654
2424
4973
386
2596
4060
126
3460
3015
3369
646
1250
2783
2755
2256
567
859
4973
4591
2419
4718
1933
2382
5067
2349
4047
513
3397
3935
1268
4107
2596
4050
3197
1469
30
2516
1047
4944
3547
4060
2349
3432
4591
4227
634
2987
3687
611
1322
4487
4613
2777
4383
3669
3432
253
4913
3473
2469
198
1047
3902
1351
4195
4833
2419
2777
3382
4514
55
898
573
4961
2711
3940
3015
2977
3582
3909
4888
113
72
4373
2759
2762
1047
2349
198
3432
1923
2553
2846
3742
2592
2846
1532
250
3015
1751
4273
3654
1570
2116
634
1205
2077
3565
1047
121
848
1330
2646
3621
4944
232
2019
1047
2490
3615
170
2957
2870
2478
2446
2279
2906
761
4050
386
1322
1776
4373
4222
1063
170
2971
3171
1233
1460
3654
2402
4736
2490
844
3607
2151
646
4973
1234
3432
2984
3474
2446
1205
1047
3796
2984
4047
4273
2403
4273
424
2846
408
729
2866
465
2686
4404
4205
1047
3582
2229
3303
3432
460
4485
740
126
1532
4718
4913
607
1063
3179
935
206
4047
460
3578
198
4222
1196
2992
1047
716
2402
4040
1283
4970
1408
3411
1047
1047
4142
2151
1047
2349
462
4953
3796
232
1047
4576
2742
3610
4695
2370
740
1047
2544
848
3171
3694
2349
538
3140
3432
3615
4205
1047
3902
3796
2469
4484
1340
729
461
2402
4080
4591
4359
4630
1504
2762
2646
3545
2777
3009
3460
3432
2446
3755
198
4934
4010
170
1960
2971
3432
198
2236
2592
3610
498
716
4953
4953
1340
4961
2777
1334
2698
2544
860
4576
2777
4373
222
498
2363
1879
1276
2751
1759
5041
4973
4547
4944
729
2077
4532
1047
1179
859
2312
716
716
1504
4273
2544
2846
2077
2777
2077
4484
3563
3346
3528
2777
165
2216
3005
1970
4373
528
264
4961
716
4973
2906
2957
403
1234
1917
2077
2711
1276
4973
342
3849
3539
3429
1047
4205
729
4591
2777
121
3612
3582
429
1340
701
4591
4000
498
3607
4373
342
404
2216
2349
3429
2469
4040
4107
1841
2971
198
1047
1015
655
716
1970
2534
3432
2971
3432
4796
1408
2783
3830
2349
3539
4421
699
5008
3830
4425
403
1504
3037
165
232
786
701
4038
2019
4507
404
1571
729
2777
3612
4440
1234
91
404
2215
4591
1504
5067
424
1047
4336
1693
716
4404
3981
3582
4611
4518
716
1334
962
3935
4591
589
3571
2735
1624
848
2349
935
1532
2703
716
488
4373
859
3528
4229
859
3866
4373
4913
4630
4547
1124
3582
2446
3573
2382
1330
538
4718
4591
2763
716
4742
3474
3415
3392
2469
4477
2646
4000
342
1047
342
2196
716
652
72
655
3415
2534
844
4833
2490
2553
2942
2490
3188
1173
3197
462
150
2419
4180
558
3940
1408
1624
4487
292
3858
3610
1299
2349
567
2755
2762
3432
2957
2558
4437
198
2208
404
1923
3188
3958
3915
488
4613
859
2019
4440
1047
1960
3197
126
327
3539
3586
1917
4953
461
701
3432
3604
4373
1504
3429
2279
1991
1142
1841
170
3858
4514
611
3742
2216
513
4373
859
687
3654
940
3615
461
411
3861
1532
2646
4794
2838
787
859
3102
1460
472
250
3415
4072
656
4154
729
439
3571
3687
787
4373
264
716
1047
2755
3039
3646
3309
3420
607
57
1560
1504
3432
4718
828
72
2698
4913
4695
3858
5006
513
140
4736
3912
1654
859
1047
3861
4205
3011
3392
3197
4229
4961
3392
3432
2312
3290
1318
4038
72
232
2519
1047
4961
2984
3621
2363
2349
2957
716
1434
2419
2349
781
1560
4030
2698
2777
859
3528
2473
3861
631
4373
3197
327
1233
2419
2957
2208
4547
1188
55
3654
2349
716
2363
170
3188
716
2349
1542
1903
859
2558
1434
828
652
3871
1364
624
4040
30
72
1544
3871
2402
113
3571
4591
3573
1098
2077
4787
2684
716
1047
4547
2777
1708
4080
77
2363
2971
4794
2759
1173
3432
2764
3460
699
3796
729
898
794
3291
4718
408
405
2236
860
2519
4591
411
1103
32
1293
165
3309
3967
3830
1832
4195
4953
4383
4229
4363
498
72
258
701
57
3586
2419
386
2698
150
2208
3582
4803
81
3849
4373
64
2698
2516
859
4687
3578
1466
1276
1970
1504
2763
81
4378
4973
2846
1062
4373
3940
1047
4591
538
2886
3861
1283
2846
2686
2957
4944
828
1047
701
2236
482
2984
2349
4373
3935
1063
3571
2777
4934
462
2777
2370
2751
1841
4383
1047
1063
859
2228
206
250
72
3654
1047
4913
607
2349
3554
1318
222
1504
72
3607
404
4576
558
1150
2312
4953
3432
2942
2349
3582
729
3432
2219
404
729
3081
170
3577
729
4934
1876
4718
3687
3940
424
2996
72
2446
1196
386
1351
170
3415
547
2777
792
1299
3037
2751
3504
1033
4913
4736
792
2558
2742
3697
3039
2698
1196
4485
1318
4000
3578
607
30
2254
3273
1366
2971
2471
716
3362
3615
170
1047
1195
258
761
1015
3179
498
2558
2544
264
547
2006
3577
4227
1571
4518
2402
2167
2349
404
699
573
2519
32
1334
1047
3011
2751
3250
2592
687
818
81
429
4487
4736
4944
4226
859
1704
4378
781
4484
198
3669
2216
716
2777
3694
4736
547
648
1504
1047
3197
1047
1124
2777
3141
1063
4736
198
4030
2244
2349
147
1268
72
3015
3761
860
4229
4913
4047
3573
2742
4835
98
4383
1613
3539
4953
4736
253
2058
4373
4359
2446
729
2686
859
1855
2219
3040
3610
3290
4953
2236
2349
2777
3939
989
1970
647
3364
462
2777
91
2077
2349
2403
4736
3140
2762
589
3577
567
1532
1876
170
4835
4606
962
729
2755
3654
2755
1434
465
716
840
3273
2132
3009
2742
494
2684
1334
2048
1173
206
3577
3290
2553
30
1194
2363
729
4890
4973
1003
327
462
538
347
1047
1469
761
4518
4373
2363
2228
2762
4484
4888
234
1268
170
1194
2755
361
72
4373
4373
898
4630
4630
2870
4736
647
4040
3909
327
2754
3895
4514
2363
2992
3846
1047
528
2755
794
72
461
3420
2558
3654
2363
4421
3088
3539
77
3967
3290
2199
3197
4180
2419
4861
81
3935
792
4373
3432
3755
2363
716
4973
4437
607
1318
792
607
2349
198
4373
5056
4040
4818
462
679
1571
1047
1469
3432
1855
55
4780
1047
859
2312
28
4867
648
716
2763
859
2987
556
72
3858
1063
30
2984
2473
4514
72
327
3607
405
3290
1276
4608
2116
55
28
2846
1560
72
327
140
1715
1832
3858
126
4222
3692
2596
940
4142
648
2711
4961
2755
2735
494
3432
3736
2698
4961
859
1063
4953
792
2906
3582
848
2471
2349
3197
4606
2446
2478
4450
1434
4735
1283
4000
1047
2279
4000
1299
729
848
2446
4225
4425
4835
1654
4547
429
3088
4953
4050
383
498
3197
3694
3958
859
3582
919
4824
72
4050
513
4273
4625
4843
1047
4861
2698
2906
2866
656
2471
4953
1283
4205
4953
2382
2349
1047
2431
611
498
3612
1047
2370
2777
4970
1460
3610
2349
1033
1047
2473
3140
150
1755
4437
647
4970
3364
1776
4383
95
538
4305
4051
4780
646
4508
1504
2132
647
4373
3333
3654
1047
3654
2698
2777
350
1340
1504
844
716
1173
64
1150
3432
4404
2019
2216
859
3577
2711
3849
3565
3578
716
2349
3309
30
3033
198
2755
3432
28
4687
4180
2424
3432
1504
81
327
4418
462
1366
859
361
3228
3547
4222
794
2363
2349
4973
3830
140
1759
1318
4359
3171
3573
729
859
3604
3694
716
3940
2984
4205
1047
4888
4222
4532
2516
2215
1006
4591
4508
494
1047
898
4888
1923
5008
147
3604
4359
3346
687
4625
404
4591
828
2886
4973
3849
1776
3290
679
2349
170
3539
383
2751
5113
4518
3654
3290
639
3303
1570
5056
2906
4623
91
222
848
2698
3432
1377
1949
2534
2764
2349
3689
3621
81
2338
3958
4487
4477
2342
4835
462
1542
4611
1043
962
327
3669
3849
2478
648
3554
4576
444
3565
170
3577
2151
3124
170
3346
3981
748
716
2208
4040
72
424
1044
4913
3432
4222
648
716
4072
1469
2469
2846
4514
3577
2711
2349
848
4518
4625
3669
3902
2992
4205
3432
3958
4787
4039
729
72
1917
4142
5113
4040
1923
729
2229
4373
794
547
64
3539
1195
3039
2342
3432
3415
1047
3563
4373
639
716
4485
3011
4373
3578
1015
4414
4999
4628
2419
4890
3309
859
2216
198
859
3040
113
2971
3849
3124
3615
2490
4229
2755
2870
859
4843
2516
513
1043
1708
404
3081
794
3426
3179
2363
3618
5041
5041
859
2363
498
3171
1504
4890
1194
4625
3071
2957
4803
4591
3333
792
4477
3528
4373
77
327
1504
1504
232
4477
3610
3935
2755
3429
327
3586
170
4060
2216
2277
1047
72
859
3615
1504
91
3290
4736
1194
198
2363
1776
72
1504
3958
2349
1047
1233
4944
1268
1047
1
2122
494
2558
3604
3009
3114
5056
2595
30
786
1047
4507
2553
1047
1434
3114
4913
189
4440
4591
848
761
4373
4742
3618
1759
3037
1047
3736
1654
4833
1063
3474
1879
3861
4718
1047
3902
2349
634
4273
940
2402
1366
3654
701
1047
1047
444
3291
1654
2755
3615
2866
4961
327
4824
4205
4973
1960
4613
1150
4477
3610
761
2684
3578
1268
3539
4373
2363
1
2338
1933
2846
404
2151
5060
4060
3073
4205
170
2596
781
4742
2762
2816
72
1047
3694
2711
1103
4205
3935
498
4226
3582
828
2254
4378
4038
1318
2846
5113
2228
4608
2402
3181
3635
4961
2424
1322
3539
2349
4205
2215
2349
2777
1179
859
3715
1830
1670
3426
1276
4611
2058
2783
634
2755
4305
2544
2846
3250
1234
556
1322
1098
890
1334
3049
1761
1889
3197
2403
2755
4591
2431
859
3545
4336
1020
4591
2596
4630
4671
859
1884
1685
4735
729
46
716
4047
1283
3689
748
4425
3940
3935
3333
1504
4591
4973
3692
1759
4794
1047
4227
687
1063
3915
513
1047
4107
1855
1685
2349
1098
3935
729
2349
1047
3604
4484
2777
2419
4047
3011
3033
1047
4072
2363
4591
4953
1504
2763
1044
3689
150
3114
3273
1268
126
860
342
860
4060
2777
3411
3432
1334
4630
513
729
342
4383
1283
2519
2735
4180
4787
748
121
729
1613
170
624
4205
1377
4373
3369
4949
4440
3912
2777
716
3504
4205
4687
2764
3188
1173
1047
729
3539
5113
3689
3547
981
1276
3796
1293
1033
150
1504
1434
150
3504
4373
91
3432
1047
3915
2277
3011
4687
716
444
72
2199
4973
3362
1063
729
2759
4072
4273
3432
2419
3586
792
465
2558
1047
2199
3102
3039
4613
1098
1832
2349
4229
72
818
716
1233
3539
1933
3432
4591
1194
1759
3967
3563
170
4229
2349
3940
1933
3432
2199
2431
3494
2846
1047
1047
1759
1670
198
2349
2349
4373
1047
1366
729
198
3432
1047
890
1188
3040
72
5008
4921
206
2946
2735
3618
1047
2755
3015
3669
3580
3580
460
3460
3612
3849
3197
1179
3654
64
3582
2349
1047
2698
4047
2777
77
2019
2122
4611
4736
513
2906
2006
792
828
4611
844
4961
2838
639
2755
498
2116
1933
2777
970
2558
1560
748
3432
170
859
859
3432
253
408
386
2236
1047
91
4047
2279
1047
1923
4913
3049
3939
1538
5113
4518
2277
1293
699
4514
3578
4591
634
1665
170
3362
2349
3539
859
4961
859
3432
844
258
1340
5041
1366
781
3432
4040
792
4833
4060
1469
72
2279
716
1047
403
2751
3426
2971
729
4477
1949
3049
3033
472
170
4072
2349
573
2167
1665
2698
2684
3920
1047
716
411
3539
4824
1
4507
4736
2906
264
4373
3426
3618
5056
2558
232
3039
3432
547
4418
859
1063
4973
1299
1434
3432
4611
4591
4000
2349
3878
327
1196
3528
538
1047
4608
4625
4359
4383
1015
2469
4047
4010
3473
652
3912
860
701
2906
589
3539
3846
2763
538
2711
30
2759
4383
2992
3565
3861
1755
2755
2578
1142
4824
2751
2519
2942
859
1933
859
3411
1970
4591
4787
716
2122
3437
859
2698
4378
2342
1855
2698
2793
701
2349
3432
2763
2349
2957
222
1670
2698
1047
2469
1832
292
4195
1364
729
1015
2048
2751
2516
4205
4628
3250
962
72
1560
716
701
818
701
2349
81
2519
2592
1351
3197
4736
4613
3392
3346
3009
716
547
57
1334
4613
2957
4628
2755
3582
4437
4038
4508
405
3309
3604
3362
1330
2759
4421
4508
292
1693
639
142
3426
1293
4060
2984
1142
4039
1970
729
1047
4273
126
4047
4373
4383
3621
1268
4630
1047
611
1044
3902
3715
3432
1318
2886
424
547
2783
4273
538
72
1063
729
787
4718
4508
3577
206
2698
1234
2906
2519
740
2215
383
5006
3081
3140
4843
2534
1047
2578
72
4047
2777
2229
4718
472
32
3432
465
3437
3432
3618
3432
3426
2703
2957
3037
2640
3474
2755
4787
4961
2816
198
786
1063
859
3494
81
2698
4718
3958
462
3761
2349
3870
1
1188
1654
2363
1124
1047
1047
3166
4205
126
498
170
1003
2349
1889
1047
3392
429
4591
2208
462
4072
3015
4050
3124
1759
4378
3432
3586
170
656
3692
5113
1047
2403
3958
3081
2116
2446
1949
30
4742
844
2216
4718
4227
3654
3179
4414
2122
2886
3015
3582
4532
2759
859
716
3071
4835
1268
1408
2215
2762
4949
2519
3473
2490
4787
4383
4573
2277
848
1960
4949
4518
3474
729
1063
4373
1504
498
4944
4030
126
859
4613
404
3290
2777
1283
2349
647
1504
2742
4613
1063
4921
1063
786
4373
1855
1047
1933
3005
3432
748
2216
3197
4794
4050
1234
940
1268
3736
4687
3687
142
5113
692
3849
1063
3939
2992
970
962
2228
1670
1268
4383
4611
72
2363
1276
264
1047
4142
2906
699
1047
4888
4373
2058
2755
206
64
1124
4373
2215
3563
3273
1759
2846
4718
3694
4611
4890
2349
4591
4154
142
3426
2403
2783
729
4030
1047
859
2846
439
4425
72
386
3049
1006
1624
462
1047
4695
2077
4628
3700
1889
3578
3197
4373
4780
5056
3273
1340
1047
1299
2886
327
4040
4625
57
2592
716
2446
30
405
3958
859
558
4718
4735
4060
3364
4142
2763
3473
4661
3958
981
1
1006
2363
5008
4477
4608
4532
2906
4273
1665
2349
4913
701
1047
655
2698
3295
859
3692
639
1761
3582
333
2363
4237
732
1970
1276
1504
1693
2151
3967
2446
3846
4913
4421
3646
1150
258
4507
126
701
5060
170
2846
3909
1047
2698
4437
716
2957
2870
2167
3011
3554
2764
462
3392
2703
4047
1654
4591
2349
4000
3615
1188
4425
3081
2199
3140
4961
4222
2349
3179
890
2312
4735
3141
1708
4514
4913
1759
1047
4661
4485
4047
4949
859
1504
4742
2363
1322
748
729
4591
1408
46
3124
3577
4485
404
3432
3039
264
91
4970
631
81
3197
4944
1684
729
64
258
2349
4718
2208
3940
4477
1047
4736
4953
1991
1047
3073
3580
404
4913
716
498
461
4378
55
4794
2370
170
3437
4047
3871
898
1047
2349
4425
383
4591
121
4450
4833
2244
4970
3102
4051
556
1884
147
4060
890
4949
3392
1830
3573
2777
1047
740
96
2244
679
1
740
2215
679
1047
3040
3958
2762
4047
4913
3473
2424
4718
1268
3654
3736
4205
4718
729
2942
4080
253
81
4273
781
2987
2755
1268
1408
4205
3582
1047
1
1047
4718
4961
2595
1903
1970
1751
3307
1366
1504
3935
3615
403
482
1538
3346
498
890
4225
1098
656
3369
2984
2349
3303
716
2942
1020
547
4050
2446
716
1933
2349
1276
405
2971
513
327
2342
716
4949
95
4591
2777
4437
4507
716
3369
2751
3563
3586
1570
3604
4824
1047
4695
1234
4735
2777
4687
729
2469
4205
4373
4414
1991
3577
729
150
4229
3448
1194
170
2957
3610
1366
716
1830
3700
64
655
4000
4970
3460
3846
2349
4229
3610
253
2640
2558
411
4229
2279
890
1322
150
646
1318
4060
2942
680
716
4195
2338
2553
3582
3141
2349
2116
716
2363
647
3755
3420
4425
4373
1841
1047
3432
1755
1960
3577
4611
2208
3432
3197
170
860
2942
4038
2419
3426
1917
4047
3610
2946
5006
781
1560
1776
2755
2906
2236
2862
3432
1234
4704
4154
1708
3618
1035
2592
1903
4736
494
2592
3582
1855
4944
4222
3849
3577
3755
1571
1047
646
3102
3432
3635
4780
4591
1933
342
292
639
4373
3494
4000
3618
2219
4953
1047
3902
327
2338
4205
461
1377
383
57
4949
1047
4704
631
3909
4913
2382
1318
781
919
3615
126
2544
1047
3411
4780
4913
4605
2471
787
113
57
4508
5113
4573
3861
1063
411
1276
2471
3654
1504
3694
2996
2977
2349
4591
4237
361
989
3166
3935
1759
4944
292
4913
4630
2370
4000
1250
4477
4973
567
1855
2755
3392
859
558
1466
1330
5113
4508
3369
4591
4047
81
3577
4273
2279
72
794
3981
4373
232
3037
2971
4222
383
1006
2349
4913
4742
3578
424
3364
3250
4142
4040
656
4514
716
2471
2946
1179
679
1693
3197
2349
2544
1063
2957
2419
716
2755
4890
198
2783
639
250
2471
1194
1560
4611
1188
4064
3761
91
5113
4934
2886
3015
3554
3700
4904
2906
4921
404
4949
1194
3940
1755
1098
342
1195
206
647
1624
558
859
404
4608
828
3582
1047
3578
4973
1047
1015
4030
1293
3582
3040
4608
3432
2783
1047
1776
716
3250
2019
3369
1377
4000
2957
3005
30
3364
1035
1654
3700
4833
232
4060
844
2777
4418
4970
1047
761
30
4383
91
1173
2846
1063
1855
72
4414
460
2519
729
1560
2279
3539
2777
4336
4229
1063
1195
3432
859
2762
4484
1504
3188
3039
3432
1670
4180
2846
2236
716
2256
403
3364
2777
794
4944
647
716
3420
4485
1047
701
528
4030
716
2755
55
1063
3935
1504
2870
1504
4030
1542
4611
4229
3346
1504
2403
919
498
3228
1330
2349
3429
2870
1047
3604
3539
3736
3830
859
64
4051
3411
4591
692
4818
3618
3761
3742
1613
