877
564
5047
564
3185
564
564
1462
564
7949
2061
7713
6975
5176
9875
8336
10183
10183
4850
781
877
3920
7823
10183
10183
1462
877
5915
5454
3127
6679
3185
7628
1476
5650
7008
3630
6979
781
1423
877
4857
877
5713
4283
877
6979
6703
10183
3488
3528
877
877
877
6396
877
8336
4555
10183
5650
1107
4914
877
37
877
1950
6022
5176
3779
7628
1423
564
10183
3358
10183
10129
3255
4706
7713
5675
5480
8329
2245
4487
2222
564
947
2061
3624
877
8774
877
3528
3127
3127
1107
877
4943
8336
1107
2541
9261
5650
877
2541
6703
5047
877
840
5176
877
771
877
92
840
4797
840
8832
6703
3414
5480
2008
283
877
8329
3127
2061
5176
2363
8260
3358
6703
877
7792
7453
4131
8329
1423
9487
1461
564
640
10183
3308
2998
37
877
640
37
950
2008
4031
5650
2541
5501
1779
3809
950
3662
1107
7628
3780
877
8545
2008
5134
877
5986
2059
92
5354
5054
7855
5650
10183
255
1659
877
4611
3100
2154
2346
10183
7628
377
2728
2008
8532
8329
7855
564
2034
5642
8265
9439
10183
9880
10183
877
564
1107
5176
8832
10183
564
9445
4627
877
3414
5176
950
5431
1424
4825
5650
877
2637
9972
564
10183
2541
2363
6679
877
1950
9445
877
2061
877
3515
9460
5296
5501
6703
6703
10183
3127
2034
8469
6615
10183
1655
564
8369
4709
9445
877
564
5176
1107
592
877
8545
877
8488
564
10183
1885
877
269
564
877
877
9567
8336
5650
877
255
4057
3528
3928
1107
2618
1147
640
10183
3753
1107
3639
10211
1107
1392
1410
10183
5650
877
2541
3127
8968
8164
6092
10183
6703
7628
7328
10183
299
877
3127
6979
255
10183
37
950
1972
6058
8959
877
1256
6703
4611
6550
5054
4517
6037
5176
8164
5650
4628
7628
4123
564
564
4840
1353
10183
3127
7328
8164
9439
6703
4542
877
5466
255
9769
10183
5090
718
8336
877
9847
2061
2353
8329
6703
5176
5070
7047
1309
10183
564
950
10183
564
6703
5986
1655
5487
1288
2061
1980
564
527
4603
4198
950
564
5915
2541
877
6527
5642
8208
10183
2137
6703
2061
10183
1107
9623
2070
8545
4528
2061
2345
564
2960
6096
37
2027
564
10183
3370
9734
7047
1410
4305
2818
1462
3742
564
10183
6485
9787
877
8336
4903
1107
4773
3021
2409
3957
1107
8329
5981
2061
9747
8665
5650
9851
9847
3100
8208
4853
6230
714
564
4611
2728
5047
877
1309
5650
4611
8329
4305
9787
6314
877
8545
10183
87
6476
3937
2008
8832
10183
5480
10183
1107
6703
5650
8665
2061
3320
3624
37
4287
1029
6396
3358
7628
5560
1719
7628
269
3255
7628
1009
5215
877
877
6058
9961
4867
8855
6703
2061
8329
8832
5480
5209
9623
564
877
3185
10183
5650
4566
564
3389
877
9664
5981
877
4627
4758
5779
9330
877
5650
2541
1462
4465
877
5650
4611
5070
5503
5176
6979
877
2061
2353
7456
6242
10183
1826
840
949
2972
8066
6703
9766
10183
7713
877
1107
7628
877
255
853
877
5642
10183
1487
5501
877
1220
877
564
2008
5217
2541
4242
877
6703
10183
6523
877
1009
1410
2027
1410
2008
9607
877
877
10183
4305
8646
5217
10183
5215
5487
5480
2941
877
6703
6058
564
1655
3021
1009
6703
877
10183
7235
1107
1107
7713
2061
2059
3185
6001
1423
877
877
3488
4487
5650
877
535
5650
9703
706
8616
9766
975
1107
3127
564
2008
3624
5650
37
7628
10183
9094
8336
5650
37
6703
5650
2061
877
2382
9065
986
1165
877
8545
6703
3127
781
1107
7047
6342
3779
3127
3308
6092
10183
9703
37
4688
877
564
6835
1410
37
877
1009
1107
2061
6301
9604
10183
2941
3639
5065
377
7713
877
3358
877
877
7328
1107
877
4566
877
9572
6001
9766
1107
7628
4054
877
10183
1009
2409
10183
5915
877
2061
2222
564
10096
8329
840
3704
5650
6527
3779
2541
7328
8320
877
564
4688
7797
7287
6052
8545
3308
2078
8265
5480
6058
1353
2154
877
5642
7628
8164
7557
2778
5090
2464
10183
10183
5650
2078
5650
6703
877
6703
8832
3779
877
4283
5480
5650
8650
877
771
3849
9880
877
877
10183
10146
8329
3779
877
7047
5134
1309
4630
564
1462
8452
5480
10183
564
7628
6703
1790
4309
2201
4349
1107
9572
877
10183
877
5070
7628
877
8774
877
2782
4057
8325
5569
1972
6485
10183
592
5650
564
877
37
564
3255
2785
9612
2078
8545
10183
2059
1107
877
6058
877
877
9248
10183
6342
1812
6992
877
9797
1462
8868
8336
5575
3714
5209
10183
8713
5650
3528
8246
10183
877
5480
564
5480
4528
7713
2061
2748
6703
2061
877
2818
37
564
840
5915
4305
4261
8665
5650
8932
3457
7619
3358
8545
2061
2965
10183
6058
4478
3127
5650
5065
2061
4460
853
7628
877
877
5650
5120
5480
2941
8260
7328
8336
6703
3624
527
8329
877
2008
5396
4242
6502
527
5054
877
1540
7628
877
8260
3100
6703
1655
9937
1309
5234
6058
5070
8329
564
9972
877
1107
5650
8665
2235
9445
877
7047
877
10183
6703
877
10183
25
1107
10183
10183
1972
7047
10183
877
4809
1462
277
877
3488
877
2436
950
9203
2751
7208
950
10183
7446
2061
5650
877
4
5642
4566
877
2758
10183
8650
1107
7713
2008
5033
10183
7363
877
2061
10183
5650
877
7659
5176
8265
6703
564
5480
958
2541
877
2002
877
840
2541
2541
7703
9802
37
877
6058
255
4773
1256
9875
37
8665
877
7605
9261
877
10183
10183
4198
10183
877
2353
4566
7523
2541
6387
877
6155
853
1107
877
5915
564
8336
6961
255
8738
1719
6703
5134
1258
2061
780
672
8959
124
8774
8745
4825
1655
10183
840
3358
5650
389
877
8726
4057
10183
6396
5650
5480
3580
4465
6703
1824
6476
7713
2201
877
877
5176
7453
8616
1107
564
3957
3185
975
794
4242
7713
564
7891
877
840
3528
10183
4283
5650
7211
564
9572
6703
6503
5054
564
2290
3320
3021
7328
5070
9335
6703
7628
7453
9766
5713
5096
3849
5006
5650
7628
877
877
564
535
564
877
4283
4514
5650
5176
10183
1659
2008
7587
5480
10183
877
4619
1341
10183
2201
5986
6026
877
1107
877
1309
958
8164
7087
1222
877
5650
7713
9952
877
6400
7515
877
10183
473
7300
6096
8713
7628
3965
5575
564
3624
455
4611
6058
3846
2002
3630
564
219
3528
877
6205
2008
8329
1353
5070
2061
5650
6658
877
8164
4943
9360
5134
6878
7328
7291
6146
5650
10183
5480
4840
5915
780
9312
877
564
4198
877
5176
2818
1811
877
2941
5480
5713
2008
564
2181
1107
877
1655
3488
2061
8545
564
1107
8336
877
877
2222
8164
10183
3820
877
6703
5480
3358
7312
564
564
564
8329
877
2465
9927
2774
9750
3528
5650
877
2541
2541
7458
1719
5006
2059
10183
877
10183
1107
5915
877
5560
5650
1812
2834
2008
877
4619
2353
10183
10183
3127
7363
5033
7363
1392
6696
877
2541
6058
1159
6703
4073
564
1557
3250
6653
5480
2061
4627
8832
877
640
3677
7713
5176
8109
7047
8774
10183
6058
6685
877
7328
9567
877
7760
1107
5650
1107
1107
564
5675
877
640
8650
877
9445
7713
7628
7065
3185
6904
10183
1107
4753
2541
9797
564
6006
840
8713
8832
8260
877
877
6703
10183
6703
5176
3528
877
9766
5090
9972
9321
2008
4283
8336
5466
877
4693
5915
877
255
8996
8336
7628
2008
4753
1107
564
3431
877
1107
1826
9875
2008
6242
7628
3624
3764
7628
10183
877
781
10183
6142
2061
5650
3695
1790
877
5176
9972
564
1309
10183
564
3846
1107
8209
877
5480
877
5047
564
3358
8099
10204
877
3839
877
3185
9740
6058
8457
877
877
877
1258
8459
564
4064
877
9802
6679
9261
6703
10183
877
5176
3528
10183
6703
5575
10183
37
5650
8164
564
877
884
564
5650
1139
1107
451
877
4283
4349
8164
329
7713
7035
10183
5650
5070
5569
1972
5650
8710
8764
8842
37
564
7628
564
9539
5642
3061
877
9567
6703
3488
877
877
10097
6992
3753
5560
877
10183
877
4019
5134
5304
7328
3358
877
10183
10183
10183
9356
877
4283
564
5650
3528
877
877
5065
3488
3488
2778
877
6058
4927
8329
7389
6703
4064
9747
6961
8336
877
1309
4611
5480
9445
877
8164
564
3127
1107
1719
5047
6550
37
10183
6142
6679
877
8959
9612
2541
2061
672
7137
5176
10183
3358
1107
4627
8369
10183
10183
564
3405
3143
5650
3763
7628
950
1309
7628
7166
877
2061
9280
4447
6703
10183
3937
10183
1812
5820
7902
5859
329
10183
1980
4757
510
8665
37
853
2222
10183
4990
8329
640
5650
8996
6058
5480
6703
7086
3488
9802
5650
3528
9257
7984
564
5054
1462
10183
4283
2541
6679
8098
950
877
1153
9906
2034
8545
4283
6155
4709
1972
4627
877
4101
7458
1107
4283
37
5650
5650
37
5650
1462
8545
6679
5642
3528
8774
2541
5642
6641
5642
564
10183
8066
9261
3309
10183
3779
1258
877
3937
7628
4447
5650
10183
4611
4627
5070
8329
9121
877
564
7823
3412
3410
5650
5981
5176
950
9847
5650
8862
10183
877
2059
2559
6679
5176
877
2061
2541
6658
8260
10183
7628
7713
564
877
564
877
2941
5466
3719
877
877
9880
877
6572
7328
5650
5650
6703
5915
5070
5738
877
6679
2061
877
348
5986
5650
9335
7661
6058
7692
255
5650
6658
4283
2059
10183
5650
6396
6703
37
3624
2061
5642
5923
7628
1465
7628
1315
4101
5650
9797
1655
5915
9787
3358
2294
5296
8713
1009
6703
10019
6058
10183
1107
9563
2741
1107
877
2541
2941
1928
3127
9961
6703
10183
1107
640
3185
877
7312
840
7328
4116
640
840
7453
6703
37
5296
6485
5070
37
9572
10183
10183
2008
6703
6314
877
255
840
6058
3760
5650
10183
5650
37
3528
9192
10183
9393
5915
4131
5487
4064
877
877
884
1107
950
8336
877
1173
10183
5650
7363
3928
877
6485
3695
10183
7628
8452
7363
564
877
877
7369
877
6703
564
2830
10154
6314
9360
5650
5650
4555
6342
5215
564
9623
10183
4631
8329
9261
3714
877
7008
255
10151
9121
5217
2061
4465
877
4283
877
2363
8209
10183
7908
4242
9612
2100
10183
4354
4627
3185
877
8745
8066
1107
950
6979
10183
2061
8343
7778
877
5134
9720
1066
2061
1107
3358
2061
2618
9972
877
877
2541
877
4566
2008
3580
2363
2061
564
8832
640
7235
1462
5650
877
5304
877
2941
4914
10183
2983
10183
564
877
2061
1290
7628
853
877
10183
3457
5642
37
884
877
5650
37
2061
8545
564
9612
5650
877
2061
10183
1009
8488
1107
6703
360
7328
5650
877
1107
1341
1005
9503
10183
5176
8173
603
10183
877
877
9664
9360
9961
877
2337
5567
5535
877
10183
8973
5650
3528
877
443
10183
9880
5650
877
877
5054
10183
209
2061
5650
1256
5650
5915
877
5859
7083
4611
6146
5070
877
4670
8260
12
6058
877
2541
10183
2541
5650
9328
10183
3957
5176
3127
10183
640
4840
564
4611
4927
9445
360
564
9632
5794
877
2111
4283
9145
4709
877
1066
10183
877
884
5470
7363
2941
3100
877
4709
3239
8188
6058
9439
877
6260
9703
6679
1410
4546
6703
8164
10183
5480
6485
5062
7628
4566
5713
2714
6703
2541
1107
5134
5650
3127
877
7389
6703
472
9563
8329
2222
5487
6425
4546
9607
5054
1790
5642
853
7328
37
877
877
10183
9787
1928
5062
2008
6641
9378
5642
2008
564
6703
4693
1290
564
8336
2541
564
19
877
877
5650
7016
2008
3889
6679
5650
1256
10183
1812
9763
1655
1107
877
564
10183
2070
10183
877
9802
718
8868
5484
840
10183
877
2345
2835
8713
255
3021
6703
9802
37
950
4036
8774
5713
25
7628
877
564
7628
877
4867
5280
5642
473
6595
3714
564
877
2061
7552
877
7586
8868
8329
4283
3126
9572
2061
119
5642
3107
10146
37
10183
10183
5501
5176
7087
10183
5650
877
5861
9247
5176
7760
7628
6058
6703
6703
10183
10183
10183
3839
4305
5176
564
124
8828
5466
6058
3185
5986
877
7628
877
877
2541
8545
7843
6058
8329
5054
1487
1107
877
5915
8329
564
877
255
4670
5480
3695
877
7628
1047
3528
1107
5642
3431
6001
3127
2645
8329
7047
7628
255
877
8545
5915
5078
2714
10110
5418
2353
877
9261
5480
564
6685
1309
8108
7628
8545
3143
5176
6200
6658
2061
10183
6703
3185
2541
1107
5418
10183
564
9476
2061
8832
877
564
6595
5650
5466
6703
2222
5567
1309
4283
2818
5650
5650
9719
7628
1107
7628
781
2008
10183
6703
4528
3488
8713
3528
9632
10183
4349
877
6703
718
8336
255
7628
4528
5215
3127
564
3714
9360
6961
8853
564
6835
10183
1655
472
8329
3624
5650
877
1047
5047
640
8745
8545
255
6658
3431
5501
877
6703
37
3127
9847
4064
4753
877
877
4283
7628
5713
6658
564
564
3239
3764
5484
3779
3779
877
3127
2008
1107
473
9261
877
5065
5650
8120
7312
3957
6058
3414
4709
8329
10183
5215
877
25
7363
5480
2782
3143
377
2888
7058
2782
1009
7628
877
564
5503
1812
6058
6992
5650
8164
7328
9787
5501
564
3358
5096
1353
564
5650
9505
6703
8329
8329
10183
37
2154
4283
6980
6242
9360
4528
3515
1928
4283
564
2061
877
7628
8459
3127
877
3947
877
7628
8260
564
7713
9360
5070
360
7363
2747
564
1824
5650
1107
564
5642
9558
8459
5003
877
37
5642
1462
877
6703
6703
877
6992
2222
1107
6835
10239
37
5070
37
5062
877
877
10183
5650
5176
10183
877
877
25
9445
5650
564
5480
5296
6265
6058
950
6959
5176
1025
564
3127
2034
1341
877
1159
4172
10183
7048
2903
5003
10183
5889
877
3414
10183
9972
1410
877
37
2201
5650
877
2747
2541
10183
8336
564
10183
877
7628
37
9261
7628
8959
564
5915
4447
5096
37
4546
5794
2138
9815
4566
877
4469
2714
5650
8329
877
2541
10183
10183
5196
1107
877
2222
5176
10183
8292
6058
4528
564
4566
2245
1885
5161
255
7713
4840
2061
1455
10183
564
5176
5070
7660
2189
877
877
6572
877
877
2061
2972
9378
5176
4242
6155
9719
2560
5650
5915
950
564
8336
877
5216
3185
8329
2061
564
8745
5650
6485
6703
2363
4460
564
877
4283
4840
2834
564
7773
7628
5161
8336
10183
3088
7628
7446
1107
9875
4305
877
877
1107
1483
1047
5431
672
2059
3928
564
877
877
4528
5650
6703
6485
10183
7628
4779
7771
2541
877
3185
9847
3127
7843
6058
9261
8329
5501
1107
877
564
877
5480
1655
5176
10183
3127
5487
527
9962
877
5176
4283
5650
4857
3928
7047
5915
1659
3137
7605
7948
2363
10183
3127
9720
4283
877
877
2834
877
1107
877
4283
4933
6841
564
6485
877
6058
2363
4064
877
6658
877
640
3127
10183
7979
877
2541
2008
564
7957
1107
6703
5560
7546
836
3528
10183
877
10183
8996
9847
877
2034
5111
9312
4567
1107
4131
877
1655
10183
7546
1107
3127
3414
1826
6058
9875
5215
564
9445
1033
3825
877
877
8336
2059
6975
9445
877
7628
2436
2346
6260
5935
2747
6679
8001
877
6703
2061
564
6703
7868
3370
9074
8996
2541
6058
10183
2747
10183
877
9815
877
2337
10183
5611
640
4064
2061
5650
10183
1309
9572
7713
7499
9094
564
5915
5480
4914
8650
950
877
2787
2714
5480
877
877
7628
640
3185
9460
4198
5554
5487
5915
9567
37
3528
8329
9604
10183
5650
1928
3127
6301
6976
5215
9740
877
1107
8774
877
10183
853
527
10183
877
3358
3849
1812
9875
5650
8545
1885
10183
5650
3127
4857
7628
877
5176
564
5065
2541
2541
2162
877
1107
9766
877
299
10069
4517
4820
886
4198
564
2061
3185
9766
3126
564
6679
5642
5859
2751
5915
10073
2541
5693
7363
6703
4709
640
10183
6001
564
564
877
9445
5134
2623
4942
2464
1107
7035
1824
6703
7957
564
510
9563
8973
8774
3639
1009
8260
9586
2541
8710
9572
3338
7773
6703
564
7628
3528
7628
10183
8164
877
6979
2222
877
877
2541
3185
10183
8329
10183
7628
7628
877
1107
1470
1462
5480
877
5650
7839
3201
7957
877
2541
3528
3624
10183
3839
877
9766
7035
564
5217
5054
2008
2061
507
877
877
5480
9966
3965
7047
5304
4566
7428
877
9693
8459
7628
5070
564
950
7660
7546
3105
1107
8774
877
7363
5650
4709
10183
7239
8329
10183
8336
5986
7628
4526
2008
877
8325
6889
10183
7628
10211
6502
10183
8260
3143
8616
6980
5296
877
6703
8260
7546
6992
6992
8001
4393
877
958
8260
7328
7870
2363
877
10183
10183
7701
2778
3161
2782
4566
5176
877
877
3127
8545
877
877
10183
2061
3255
6396
10183
1812
1117
10183
3127
5070
3105
6058
389
877
5650
472
877
5650
8545
10183
5054
6058
3869
6072
10183
714
255
6155
877
2008
5295
5304
877
877
877
7453
840
877
4131
2363
564
2941
9927
5650
564
10183
10019
2541
4567
5650
5070
1107
877
781
2941
877
5134
7628
877
8164
1424
4627
564
10183
8329
1481
5650
10183
9802
6703
2747
564
10183
3714
7363
37
2648
8959
3877
9719
5215
564
877
5070
5480
5215
877
3528
3127
7628
1719
8336
8329
5480
3127
1107
7628
2061
124
10097
255
877
8329
5054
9121
7713
7483
5480
10183
9766
7016
877
877
2927
5642
10183
781
10183
877
37
4753
564
8164
3624
10183
7363
10183
5396
877
2541
1107
8832
1107
564
877
8545
564
8329
877
7628
6703
4242
640
2541
1222
5176
10183
877
564
8329
2363
3250
2714
672
4200
9445
37
2728
10097
6979
2222
2541
7282
1107
877
1107
5650
877
8545
10183
2923
877
877
877
3515
255
7760
6979
9632
5280
10183
4773
603
5216
10183
2222
10183
5650
6936
877
2637
37
7628
10183
8329
5030
4566
3753
877
950
4
5047
877
10183
2061
10154
7047
877
7790
5787
3624
877
9572
9335
5535
2941
564
8932
1465
877
5065
2541
7628
2541
9719
884
5194
877
5650
10183
10183
2541
10183
2061
9261
5642
877
2061
877
8006
32
1107
10183
8325
1309
3866
5070
877
6703
564
877
10151
5642
9393
10183
2751
7166
9750
10183
7016
4850
10129
877
255
877
3825
10183
7713
2337
4709
3779
2830
853
2061
2059
6058
877
129
3239
9906
877
5915
8959
2059
877
877
1256
564
3849
9720
877
877
5923
1107
37
8832
7713
2363
8292
2541
2008
884
950
564
3320
2623
1462
10183
7058
3932
4942
3127
5650
8545
7628
877
5650
877
3147
6205
3376
564
6425
6658
877
8738
2941
3320
9460
3528
2061
8246
925
2034
877
5650
5033
6615
6142
3414
1423
877
9330
2363
3866
10183
1288
2818
6703
10183
950
877
2267
7628
7369
5650
225
9802
877
6703
6658
9797
5650
255
8545
10183
455
1972
5111
5054
1539
741
4347
10183
6436
9766
4709
950
8078
877
877
877
877
564
1107
1655
4242
877
1107
10239
877
6703
853
2061
877
6638
2541
9632
877
6142
9747
510
4517
877
3358
9445
9766
6954
10183
877
6703
6703
1107
3127
5480
3528
853
3185
564
5480
1107
1107
8336
5466
564
2714
734
7047
840
10183
10183
4566
1462
877
2541
4447
5949
877
2061
3515
564
877
1107
10183
1330
1107
9763
564
3127
5915
5915
8108
4283
5650
37
5650
1276
3888
1288
1309
7268
5915
8650
3528
4200
7389
3105
2648
564
8188
877
564
947
2061
7628
2334
10183
877
564
7328
3488
4203
5650
877
5650
37
1309
10183
877
6572
8336
2834
2541
564
10183
9750
1322
3410
564
877
5650
6595
5134
2623
3780
877
8188
877
8650
2353
8545
7713
1107
877
7760
7300
5915
877
6058
2728
8164
9445
9787
1107
5650
6155
564
564
7628
7628
1107
5480
5923
2034
4036
8336
877
2741
10183
10183
8164
564
9360
5915
564
2941
10183
37
5949
5650
564
4709
4241
877
6979
2061
3041
884
5070
5296
3947
877
2061
7363
1276
2008
5642
3849
1719
8551
1047
5650
7453
3358
2325
1047
877
4566
2008
5575
10183
877
564
877
10154
877
7065
4546
958
1107
7546
564
2363
672
8265
4073
10183
518
10201
877
5065
10183
7483
5794
877
3127
877
5134
220
3965
4031
5642
877
7628
877
7628
9445
3127
9719
897
947
877
9802
3888
2714
9074
255
6314
6658
6703
5480
4753
4758
2061
6058
10183
564
7343
3412
7343
7225
10183
7628
2061
877
6205
5642
877
1309
5480
3431
3753
2541
255
3662
5803
3928
5889
8532
6703
6703
877
6001
4619
640
7047
7713
9572
6058
10183
4349
3320
877
4769
8959
5487
877
564
3982
5480
255
877
1107
8745
6058
10183
3528
564
2941
877
10183
5480
10151
877
877
4393
10183
6703
7428
6979
8164
37
8120
877
2154
5642
5650
37
1655
564
10183
2637
2818
5650
840
877
2541
3358
877
7328
564
6703
7328
9335
9335
10183
2541
5361
877
7499
2637
7778
5650
6301
5915
2541
877
8336
7628
5650
4709
1107
10183
950
5176
8710
7328
10019
1288
3624
1462
4064
877
463
8329
1462
10183
3127
329
3528
6703
877
5986
2995
3630
564
9572
877
4131
5096
877
1378
564
2818
877
3528
8545
5480
5090
10183
6097
3250
6732
706
9484
10183
37
10183
3528
5650
2353
8260
37
5296
255
3528
877
2086
3358
877
7870
640
1107
1330
9847
10183
6703
8832
5330
2776
2008
877
5038
564
8260
4709
877
8260
3488
10183
4242
877
10237
5650
950
877
5650
950
8922
877
7363
877
3528
877
9847
37
6703
8336
6142
7951
3943
4283
3139
1683
2776
5642
2801
877
5480
8329
564
9125
3528
8774
877
1107
877
564
877
3781
6703
6265
1107
877
9360
6679
1943
7713
7723
8336
4924
10183
7458
1309
9766
5915
3194
7628
2061
3042
7239
877
877
1258
9972
564
4611
1462
10183
19
9875
2008
5062
4349
2923
255
4670
6097
10183
5487
4628
4283
8545
5480
2923
564
6732
9750
2541
6703
877
6863
8260
877
37
2927
6992
3581
877
3624
877
1107
1465
7211
4537
5096
2353
5650
7343
10183
6485
2059
2061
4283
7363
5176
4914
9875
5480
840
840
10183
5650
6703
10183
2008
6679
10183
3825
10146
8001
1107
2027
2363
877
1826
877
2008
1972
2941
10154
6703
2008
1252
2061
564
329
4779
8260
10183
564
7628
564
1887
9750
2061
877
877
6092
5915
5070
1256
877
5915
9378
6058
2714
5199
1107
564
8336
1812
564
7628
2623
10183
5650
877
564
877
3825
3358
5650
2541
9966
5070
2541
3185
877
4914
6703
1481
10183
877
8797
6703
3957
5650
2034
3624
5650
9632
877
8164
8336
5713
5650
6485
10183
877
5161
4943
5642
3528
3753
877
8173
8545
4566
9203
877
5096
5915
2061
3630
4757
877
4064
5650
6679
897
6703
9330
877
6703
7628
6647
603
7659
4797
10183
2061
7659
877
781
877
7628
1811
1256
6641
5650
6342
8545
714
3127
6096
3185
1009
877
1107
877
7839
4528
6961
10183
8616
7628
2061
4
877
7628
10183
949
8329
2465
853
9664
1928
877
640
8665
4611
877
37
4242
507
10097
877
877
877
10183
7628
1461
4542
6001
5176
8797
877
7713
8336
564
4242
5650
877
4990
564
10183
3358
4064
9354
564
7282
5650
2541
3405
3781
6058
3358
2222
3370
564
8001
1462
564
6058
9623
877
640
877
5650
5070
877
9460
877
9445
255
7546
9766
5065
564
5915
7902
5483
877
6108
5886
2061
2008
877
950
877
10183
1584
6974
8329
1700
564
8329
877
564
1788
8545
1462
8329
771
5915
9972
6301
877
877
10154
1655
7328
6854
5650
1107
564
6485
877
2430
5480
6703
1507
5487
2645
877
5560
4709
6205
9121
564
10183
6572
6058
10183
3127
5650
3760
5915
5642
527
10201
3127
2222
2222
2061
5765
877
7628
8246
1107
6058
8336
9121
6058
4840
4198
37
9567
5176
9664
2618
37
5070
6675
5065
877
4853
877
9280
6485
877
4627
10183
877
5361
877
2751
8545
950
564
2541
9439
3127
10183
10183
10183
4528
8260
640
5642
37
6703
9567
2061
4131
884
255
5215
5065
6841
37
9720
780
7823
640
10183
10183
5650
5650
5650
10183
10183
6962
877
5915
10183
5650
3185
3965
3358
2061
4820
877
5915
877
10183
10183
5209
877
6485
6242
3143
1812
8120
3185
5650
1811
5480
2227
3358
564
8260
1047
4840
564
5915
2181
9125
4000
9604
10183
6058
5431
5642
5915
877
6992
6572
8545
4566
10183
7628
7363
4670
877
564
6703
564
6679
1309
877
1683
2541
877
3866
255
877
910
5650
8459
5176
2903
877
950
2061
564
8855
10237
2008
10183
5096
7628
877
8329
8774
255
4809
1107
877
10183
7839
8164
564
4057
5560
5215
10183
877
3808
5480
564
1107
10211
672
4057
2059
9802
877
5480
5642
4131
1107
840
1107
5296
9261
5484
7628
6703
7328
5047
877
6703
877
876
5915
640
5217
1462
877
877
5054
564
10183
1919
1807
4709
2008
9261
5161
4709
877
5923
8745
9509
6703
3127
1455
10183
564
5070
3185
877
6703
4283
5134
6703
6242
5560
877
2070
3161
2541
6703
6527
5215
7142
5215
8545
9280
877
5480
877
877
5650
10183
6503
1107
564
877
8329
2728
7628
9623
2061
2222
877
8979
853
37
6301
877
5176
1107
37
9875
6961
2409
5650
2541
6058
877
5176
5304
7628
2345
877
3185
4217
5480
5923
877
949
877
877
6613
4305
5280
5487
7133
564
5650
6703
4606
6370
1462
1309
6058
5787
564
5642
8260
9802
9572
220
3358
6703
451
877
6108
1107
877
840
10183
9435
877
877
10183
7628
5134
9121
37
2363
3528
5217
7839
37
5642
564
564
1790
10183
4432
8173
734
7105
5886
9769
6058
5642
877
8329
2222
877
6679
564
950
255
8329
5915
8329
877
8745
6295
37
8774
564
5480
2061
5176
5431
4
7401
10183
5949
9719
10183
7760
877
2541
5215
2782
9476
10183
564
877
950
10183
877
5650
8164
2363
877
877
8832
7628
1107
564
6058
5176
5949
6703
7628
6058
4487
6685
564
7628
7083
3105
877
6685
877
5575
877
2941
564
10183
5642
884
7328
640
6058
8336
884
4198
37
1812
3185
877
6092
255
5199
877
37
877
5915
5134
8336
6498
877
877
877
5650
4
958
5915
877
672
1009
640
5949
4330
781
877
6975
3742
3319
877
7792
1025
7660
7713
8329
6980
7957
10183
10183
1462
877
8832
1107
877
5176
8329
5070
4305
2541
8336
9972
5215
9503
9261
25
1095
564
3580
3680
7065
564
7628
9378
7628
564
3937
877
5070
4567
877
6703
10183
4850
10146
877
4
6595
5650
2061
2747
1107
877
8173
877
10183
8078
10183
10183
1107
1047
877
10163
7628
4528
1341
840
564
5065
950
1258
3480
1047
6703
1950
9360
875
8145
9703
5650
5650
10183
5215
6703
640
2541
1009
9750
877
7363
3021
9797
877
3847
5650
9720
3185
877
10183
2382
8336
5650
9579
9065
3488
4064
9787
7628
877
840
877
1258
877
8532
5361
5650
1655
1107
8329
3185
2061
877
7628
877
9972
877
564
10183
8832
877
5915
1812
2728
3780
9524
5524
9445
564
3608
3405
564
1923
255
6703
2008
269
4393
5650
9952
10129
3086
3760
1107
1107
2008
5889
1584
1165
3839
2345
853
6485
6970
564
6703
877
2061
9802
9445
5915
1256
9261
1811
8545
10183
8329
3255
5134
8099
7488
7137
564
37
2541
3957
7166
527
877
877
877
5765
1476
1462
958
877
877
287
10183
6703
1107
794
9445
877
2436
5915
1330
5923
10183
5650
9445
8336
5176
2998
5501
840
2241
9797
877
877
3608
877
1107
10183
884
7713
6485
734
37
3370
877
5619
877
5176
10183
3381
950
6992
5295
4820
3255
3728
5650
877
9972
3161
10183
877
5217
7047
877
9261
1462
8650
1462
7363
6001
5650
10183
6146
2409
564
1009
7587
10183
10183
877
10183
1740
7713
5354
877
481
5480
6647
877
3488
2008
877
1779
5575
4566
4057
10183
4487
877
7328
6480
9802
9121
10183
950
9612
1107
564
3680
10183
877
1009
877
7628
5611
958
564
877
7628
5787
9261
3370
1749
7957
2983
5650
10183
6841
1029
9875
6979
10183
10183
5078
877
10183
6301
10183
5642
10183
1107
5480
2222
1005
5650
8585
6961
5484
564
5176
7697
9632
3185
564
5624
9069
2637
4670
9906
2008
877
877
1107
5923
877
840
7724
6155
877
9972
3358
6523
877
4627
8710
877
8336
10183
877
8336
3127
877
7456
9192
3957
209
1107
6703
877
1943
10183
564
2346
2747
9261
10183
2061
10183
1029
6420
9632
5215
8545
2061
4198
2294
10183
5054
5650
5184
1655
2541
6703
360
640
4064
9503
8369
4283
5878
1659
1107
5650
564
8164
3780
8545
8336
5242
603
9766
7287
6992
7225
877
10183
877
10183
2162
564
10183
472
6641
877
2645
877
6703
877
5070
877
1244
8545
877
877
6658
640
564
8545
5487
2541
7948
5501
9558
5176
10183
10183
1047
6703
6342
10183
348
4287
2805
564
5480
37
877
8832
7628
564
2648
7087
877
6679
8336
877
9802
7713
6503
6851
4242
8329
8336
8001
8832
8868
3185
5480
5642
10183
840
3779
2465
9203
6440
1107
640
4283
5501
4305
3127
5915
877
2111
1005
10183
877
25
8164
1139
8336
3431
624
8913
877
6058
2541
3358
4465
1107
5480
9841
3127
4101
2818
6641
10183
1107
8832
8545
10183
4283
5642
877
877
3185
564
3358
877
8336
2818
2541
7268
1462
564
877
5569
877
3639
1950
5650
2541
877
7628
10183
3849
877
2834
5642
884
1309
4036
10183
5642
5000
9875
3528
9870
8336
4305
3753
877
5650
3414
877
7628
7328
640
10183
10183
564
8232
1107
877
1462
6703
3185
2541
37
877
877
8011
640
2325
5000
7660
8868
8979
877
877
9802
5134
2008
8164
4283
564
4611
6703
3957
8329
3194
4283
7389
37
5176
7016
564
8329
8832
1005
6703
1658
4242
9719
4611
3185
1107
5487
950
4753
2061
5915
5487
255
255
6142
884
5176
246
6703
5650
884
884
877
6712
564
37
10183
564
7628
5480
877
7016
1107
3488
10183
2290
8343
10183
2222
4709
10183
7850
3127
3780
7855
9445
3239
5161
5650
2520
10183
6440
8329
8862
1107
9572
3528
3185
7713
6058
10183
510
1107
1009
877
564
1107
877
877
877
877
4283
2008
1320
8545
8336
1462
564
3088
877
877
7628
8329
5650
2008
1107
564
3309
8329
2363
8336
5480
3041
8545
564
6703
3414
1309
8329
7047
4283
6980
8329
8921
10183
3624
8766
3760
10183
4840
3528
6342
7105
564
3849
5295
4242
5134
1107
5650
3127
877
780
10183
640
7628
6959
877
1107
564
1972
9719
4709
9787
6703
3488
4825
877
8545
10183
877
225
4305
3185
4283
37
7908
3105
37
4347
9569
1107
2008
2061
6961
8713
5650
8164
5642
6992
877
6058
7713
877
7628
877
564
8164
950
25
7703
1107
4057
9445
5134
877
7016
6485
8545
10183
2776
10183
1423
672
5650
37
1584
1462
1029
877
37
10183
37
877
8616
9966
1410
5216
4064
9961
877
3515
3779
10183
5642
877
4242
360
6703
3849
3982
3760
5176
877
129
877
1972
9875
10183
877
1107
8329
2061
564
8832
877
877
877
8329
877
6142
3528
6703
7393
7453
2541
9703
877
877
6058
877
877
5650
5693
37
2325
877
564
5120
877
2353
9875
9335
1107
6572
5642
877
564
3127
7260
10183
564
877
5000
8774
3127
950
4198
564
10183
4241
6703
360
9121
877
10183
877
10154
877
2956
877
37
6703
7628
1107
564
877
5134
6961
25
6703
10183
3376
877
7949
8545
564
4261
877
564
4546
2201
255
2941
10183
2334
5611
8329
6436
5006
6527
6979
10183
6022
4116
5650
877
877
840
7047
5820
10183
877
7363
3847
877
564
877
9074
564
2941
4283
564
1356
7546
1309
5304
37
8173
10183
5480
10183
9802
2363
10183
5096
37
9335
877
377
10183
389
5176
10183
564
877
2747
10183
1410
8710
6058
1107
1423
4057
6658
7628
8329
360
10211
5650
877
4758
4
1378
1025
2061
6485
1788
7628
9966
5134
6703
4611
6425
4057
10183
37
8329
5986
1309
10183
8336
246
8329
564
877
2059
2070
3127
877
3624
877
6641
564
8194
877
10183
877
10183
3255
9572
255
640
877
6703
10146
3308
10183
7628
5047
3185
10183
564
5176
877
2008
10183
3742
7660
877
877
5650
10183
2008
564
3763
877
7546
2061
877
8336
7453
9335
640
10183
3127
1811
564
9766
5650
10183
7328
877
7628
2059
4347
10183
840
7458
6526
877
9335
877
37
2778
10183
564
564
7208
6523
877
1107
360
564
6703
1107
3528
1047
1047
5650
37
1309
3137
3528
8078
5915
348
877
5650
3488
5650
10183
9335
2034
7328
884
1107
877
443
6523
6342
5586
877
3760
6904
10097
4528
2363
877
877
877
1483
9766
9787
1107
8164
10183
2061
1107
9335
10183
877
2008
950
1812
3965
7453
7713
7628
6703
4054
3825
10183
10183
877
5176
10183
6342
7628
6301
1107
1107
6703
6242
884
527
5650
3127
877
2061
564
37
1309
3624
2758
8060
564
4637
5176
10183
9261
2222
6703
2222
2353
6122
877
877
564
8329
5480
4825
877
5650
8164
4116
510
7047
10183
2696
7809
6337
2008
2008
10129
564
640
640
6557
564
2061
4
3105
2541
6498
9161
877
2559
5466
877
564
4447
1009
4611
5176
10183
10183
5070
4283
5650
6703
8329
877
7235
10183
10183
5642
9766
360
6096
9664
1288
947
877
5675
4073
8329
4637
564
9445
3528
4283
2714
10183
8932
4769
877
5642
884
10183
5650
2061
5176
646
5078
840
6851
9769
10154
37
2008
1655
389
4198
877
1252
5650
564
4611
2086
640
4242
877
8545
9261
877
4064
877
6527
4283
4611
564
564
5915
877
10146
5650
877
3127
9847
2747
4283
9847
8713
8551
10183
3781
8774
3319
9787
4628
2541
10183
4627
5642
877
6058
877
564
6703
1593
640
5346
6096
9847
5947
3957
10183
4546
5134
10151
640
6572
4990
877
4283
3127
10183
2541
2008
877
5650
877
4010
5346
877
37
8545
5650
25
877
10183
3185
9766
4773
564
734
10183
7142
5466
4057
5111
5650
1107
877
1107
6703
505
5915
7225
3127
840
5650
8545
877
10183
10097
5120
1107
3728
877
255
711
9094
6055
3866
10183
7363
9074
564
3528
8329
8545
564
5176
4349
640
564
7446
9802
3320
10183
5650
2222
2008
5611
877
10183
1353
672
877
4914
5642
6001
877
2059
10183
8209
3069
5650
877
1812
877
6503
37
4611
4283
7628
564
877
1256
10183
5501
2061
389
672
564
6642
8329
877
8260
9121
6485
9460
10183
8979
7605
1107
877
877
8545
1107
3127
1107
3185
7201
3194
877
1320
877
3185
6400
4283
877
1029
8260
564
877
6058
10183
19
6615
3412
877
640
877
8329
7628
877
7628
877
6658
877
877
1107
9972
5650
6732
877
877
4432
7328
877
10183
8329
877
5650
10183
2541
10183
3185
877
5642
877
564
877
1938
329
6703
6979
5650
4850
877
950
8260
5096
7628
7035
10183
877
3381
877
10183
877
5503
7713
8329
4566
718
3695
1107
5480
10183
37
3680
564
877
1928
2662
1066
6301
7328
8320
9802
564
5650
877
1309
5650
5560
6001
37
2227
7628
877
6638
6703
4709
9177
640
10183
92
877
877
5096
8329
1107
3943
10183
9797
10183
5650
5949
10183
840
3376
10183
877
4840
2747
9623
3127
877
10183
5738
2637
640
3369
640
9505
4064
1309
5642
5650
10183
564
877
5346
877
840
2008
564
2363
3358
2998
2061
3540
877
564
4850
3185
1107
877
1470
10183
255
472
3088
5176
5480
6703
10183
672
1107
564
877
5650
1462
9632
1309
711
287
640
255
2061
564
4242
564
7211
877
5642
877
6242
877
8677
10183
5215
5575
8459
3358
3061
877
6572
877
8329
7628
6058
10183
4566
877
1584
6703
640
5070
1790
9870
6959
5554
4982
8329
564
6851
2787
8336
9766
1423
7047
877
975
4064
7628
1025
12
4753
6387
10183
877
6058
3320
1107
8260
7628
950
2061
3982
2061
7083
7659
8060
7328
5713
564
564
877
7870
6026
10183
6979
3185
564
877
5242
10183
1107
877
564
5480
3889
4022
4611
4242
564
10183
5065
510
706
8329
564
2061
5560
950
4349
3185
1309
5096
2541
877
877
6058
2818
2728
3358
8194
877
10183
10097
877
877
8164
3127
5787
564
5650
5642
5650
672
564
10183
564
9567
5176
4057
877
8336
564
877
1107
1107
877
3191
5111
877
877
9766
5650
37
877
8329
3185
10183
877
2541
2541
9719
8745
8665
877
6096
37
7619
2972
255
6954
564
10183
8329
1309
877
781
5986
877
5650
1258
3781
9875
950
4670
877
672
2541
2941
3957
7328
6703
1258
7065
3753
564
2299
10183
4555
3021
5650
7628
877
2059
37
10183
877
3127
3185
10183
6480
9261
9766
564
3846
10183
877
3105
1410
853
10183
3127
1107
4123
2061
877
877
5650
950
564
9503
6703
877
1309
2696
5642
10146
4927
4670
6572
877
877
877
4057
950
3414
10239
877
5650
9632
3488
8097
9766
877
9330
8329
5176
8932
2834
5650
2008
10151
10183
5047
37
564
877
7035
564
8545
1107
781
1107
7713
8545
6480
2222
6503
9567
2061
37
884
3358
8001
877
5949
8164
7137
9248
1258
564
950
4627
9937
877
3928
4131
877
8329
4305
8164
2061
10183
5070
5575
2747
2541
2061
9572
10151
8329
4850
8665
2059
8265
1826
3127
877
8832
5650
5215
4116
877
564
5090
8078
4850
8545
5480
866
9460
3480
3753
10183
5650
5642
6422
564
9203
10183
564
4853
877
37
6703
3753
7628
5803
10183
4753
877
7016
8329
3528
3820
2222
7047
2337
6058
2648
3580
1107
877
37
9503
3753
4305
4542
3127
10183
9335
4487
7628
564
1928
877
877
7328
2061
877
5915
8774
9121
3488
9360
877
5915
10183
1309
884
7047
10183
2162
8545
877
5650
877
1107
9439
5642
3250
877
10183
10183
4693
3127
564
877
2441
877
8164
7083
6679
877
10183
527
5650
4031
37
877
2363
877
1513
1701
4031
37
4867
8260
6260
4627
5176
564
10183
6665
877
564
6058
640
1461
8545
1481
3488
527
8545
505
3021
564
8164
1256
7499
1107
2086
840
7008
5642
2645
5096
10183
564
884
2346
2648
505
840
7628
5991
877
2287
1481
5176
877
564
6058
7713
8532
877
1107
1309
5693
10183
8745
840
640
5575
5176
3185
10183
8774
4
8329
7328
3714
5503
6703
4259
2541
877
877
6476
2741
5161
7628
7446
10183
5144
472
4054
8665
6703
564
2008
2541
2008
9719
2541
5650
4031
5896
5642
9747
3695
10183
7328
1885
840
9445
3185
564
7047
6400
7908
771
6703
877
8329
884
877
25
6557
2061
1107
6647
2061
4566
8336
4198
8654
4487
6679
6412
3965
5642
877
9572
877
5650
6142
10183
8188
3185
2541
877
8078
5642
5650
877
4283
2008
9847
10183
5650
8336
4517
3185
877
877
877
5896
877
6230
37
877
1107
877
5650
37
3127
5650
10183
9439
5120
10176
8336
3410
564
2541
3127
7389
8726
877
564
10183
10183
5215
7328
877
10183
8097
877
1107
1378
10183
5454
5487
5065
2465
9261
5070
877
6485
853
603
5176
5586
2059
9766
10183
10183
5650
4283
5915
5650
877
640
5295
840
3127
877
3185
9074
877
10183
7048
1659
7363
6420
4116
564
10183
877
5176
6058
9445
4591
2061
7488
1107
1107
10183
9797
5096
7628
7659
2623
6658
7291
10183
840
877
877
4820
5296
1462
5176
10183
4283
2345
7723
5480
5047
9802
8329
9335
10183
877
564
6679
5501
877
1811
1107
6703
877
2008
9261
2061
37
5986
877
10183
5535
4517
6230
9261
2662
840
640
6055
877
877
8486
10183
2235
1256
8532
10183
7239
5346
8260
2059
2683
10154
877
4611
1009
8745
1047
877
1719
4283
6703
2983
9280
1402
7047
2061
1811
5070
5176
2222
840
7225
1107
9567
5650
877
10183
5642
877
3137
1107
10183
1462
3185
8329
564
5096
6889
9335
7713
5176
7363
3358
5650
1812
5296
6242
8336
1047
7222
6854
877
5560
1107
5090
1462
5480
7035
3358
5176
2972
3488
2927
6658
877
877
2222
9797
877
7760
7948
877
877
877
510
640
2061
877
7047
5650
6703
5415
1812
5650
8329
6058
10183
2818
1462
877
12
2541
10183
8145
5480
5949
1107
10183
9851
37
4057
2623
877
505
2541
1465
3528
7300
4329
1107
7628
672
4393
950
5569
4116
1107
877
1704
10183
8325
37
925
5134
3127
9720
8329
4517
9567
1749
564
9247
9476
3639
7211
4064
8545
6396
9750
9787
877
1107
4517
4670
10183
1655
2008
877
5176
7000
4283
10183
2222
1462
853
877
8665
4305
8145
6370
877
3414
564
10183
8260
877
349
3185
2222
2235
1462
3965
10183
5915
8260
37
9875
2637
877
8545
950
5915
877
7769
1309
877
1029
4198
5054
3920
7379
5642
877
877
877
950
877
877
3528
5650
2151
9503
877
877
4198
1928
3965
877
5650
10183
2061
6615
7047
5650
4517
5266
37
1288
10176
4943
10183
8585
10096
1009
7628
5650
1462
7053
2267
4627
10183
3127
877
9720
1790
6703
8329
3937
5065
3185
877
877
8329
1107
6992
8209
2503
950
5650
6979
219
527
1487
1107
3846
564
877
4566
8336
9567
7401
1117
10183
3603
10183
877
877
5070
2008
2061
564
6703
4000
1824
2541
877
8329
7628
2741
877
5480
2927
10183
8260
564
5065
5535
877
37
37
9360
950
7713
9257
6703
10183
10183
564
781
877
10183
3127
7363
568
5713
2201
975
9766
8109
2360
8774
6703
2541
3358
10183
5650
4566
3232
10183
4611
2294
9121
7628
2061
3515
7823
8329
5054
9693
6703
5209
564
9961
2070
2541
877
2541
877
7628
5161
2061
877
463
3825
877
2061
3957
8108
877
8232
9766
1719
10183
3358
7628
877
6569
877
10183
1527
3127
6703
2075
877
9330
877
10183
6703
9952
2061
4566
5176
877
877
3185
527
255
2201
1256
9847
5295
4057
877
2541
7363
5176
3982
1655
8650
3185
463
3358
9766
7628
4198
1256
1462
6596
7546
4753
1928
3147
958
3957
6314
5161
5070
7628
1476
10183
6557
1107
527
877
2801
564
2222
2059
3528
6058
1455
5038
7393
3185
7379
877
7047
5915
8329
877
8959
5567
947
877
950
1107
8921
10183
4261
10183
10183
5650
10183
10183
4709
3320
640
10183
877
9145
5501
2714
6703
3358
4927
5096
3255
2541
7619
5915
3358
1938
6879
1107
10183
8164
3528
8545
10183
5650
7661
4566
2034
7660
8810
3194
3719
5962
1353
1481
1659
5650
10146
389
877
5915
3488
7628
3528
877
510
5650
877
4283
4198
7211
950
6703
10183
6904
8545
877
877
10183
2913
3127
5642
6703
8545
5642
6679
877
37
734
4283
564
877
7628
4019
2027
6703
3528
5650
5642
5431
7552
2245
10183
37
7505
6703
877
37
564
2008
884
6835
8646
2100
6230
877
9445
2061
877
6058
5650
7713
3779
1928
2008
8797
2830
6058
1812
6022
3358
8164
10183
3185
7628
6055
6058
7343
6058
7546
4283
7628
4242
1107
877
2888
877
4198
37
564
2541
8329
6854
8329
5650
564
8260
5184
360
10183
9632
7047
564
9972
4349
5501
6679
4611
8329
9972
3639
877
37
7628
37
877
1462
564
5650
8973
9719
10183
10183
1107
10183
877
2960
3760
1047
877
5642
564
8001
3957
4487
877
8164
3608
10183
7628
5650
5054
958
877
6703
9903
37
714
2222
5915
877
10183
7605
640
8329
877
4840
1047
9476
2222
877
2222
5215
5070
8164
7628
4903
8604
5655
1107
564
564
5650
1256
7769
2061
4542
10183
7628
2008
8832
10183
6685
877
7557
1276
877
5650
5242
37
3127
781
877
640
5794
6703
10183
877
4057
1487
564
877
4064
5915
564
4584
9321
5330
640
771
8391
877
7505
10183
10183
877
10183
877
9335
10154
884
877
5650
6703
10183
10183
6485
4283
877
3185
10183
5575
8832
19
5120
877
4432
2618
9719
37
1107
8329
3431
4517
3139
9439
877
3100
9069
2008
877
527
1107
4555
7137
7628
5650
8469
3580
9567
6058
4566
1107
5216
7628
9487
6679
5480
3185
2541
2941
6242
3714
6703
9766
877
877
877
877
8545
5176
9354
741
8558
4283
6675
283
10183
564
564
781
8097
6301
877
4709
8336
853
3753
6595
6058
10183
8232
640
7453
8329
10183
836
564
3127
4305
37
3127
3127
3496
5915
6703
10183
564
7628
10183
5295
877
6058
8336
2541
25
877
1462
4198
1107
5070
10183
3255
877
2299
9766
8336
1719
3115
877
4031
2541
9439
6314
877
7586
1462
6854
5480
7035
8745
5650
3846
4123
950
5054
8011
389
3370
129
2801
9261
8329
8336
877
37
8336
5650
9567
2008
3127
7239
877
877
564
3869
564
7628
4619
9505
10183
4057
4064
877
5650
4116
10183
9847
9766
37
5915
8097
1107
10183
9720
2382
527
7619
4709
6197
3147
877
6975
564
10183
1009
877
1107
10183
877
7328
6140
877
9378
10183
9563
5650
8710
7628
840
564
5787
10183
5480
3779
1009
5650
8329
6974
877
7453
564
6260
37
8329
1309
3528
5859
877
877
8329
2714
2541
3370
2714
1107
877
6658
4850
8066
9445
527
5889
2541
9509
1584
6658
1928
877
1258
8329
877
1462
9766
877
10183
7628
7047
877
2008
8209
8097
5176
9703
2747
7647
1107
5217
877
2034
2008
8545
7401
6703
6703
7628
3957
564
10183
1462
1107
10183
2061
8329
8766
3528
3779
877
6265
6703
6097
877
877
8545
4528
8710
1220
5650
10235
3232
5215
2061
5134
6642
2008
3185
877
1593
6703
7225
877
9972
564
4611
3185
10183
10183
6679
2089
4242
2008
2660
564
6058
6058
7166
877
4305
6653
9903
5650
10183
877
4709
1107
8097
877
5642
2714
2747
706
5487
877
7047
6703
7628
2560
877
37
8532
564
564
6641
5569
7628
1107
1107
8329
9719
510
877
564
5535
840
564
877
1107
877
5054
8713
2520
564
5713
9445
1330
3528
4903
10183
3185
877
877
4447
8336
7328
6703
10183
2714
1009
950
4057
877
10183
329
7389
1107
8336
3185
10183
7401
5065
10211
1107
877
10183
6142
877
640
37
8329
7363
3849
4465
1410
877
5650
10146
9445
1107
7855
6058
5650
640
5650
4200
4797
877
5650
2363
9766
5642
7760
7628
10183
37
10183
10183
877
5650
3581
877
8665
10183
3358
877
7843
7628
877
877
564
6703
564
2941
10183
877
1107
640
877
8066
5215
7083
5096
877
463
6058
6961
8329
640
877
6058
1107
5070
5650
564
10183
3370
8329
5650
877
10033
6200
7328
9719
7628
877
2824
564
564
3127
1107
5070
5650
877
4305
2325
884
6001
5480
8325
564
3457
672
9632
6665
5650
9612
5650
5650
2541
877
8610
8329
4622
877
1353
1919
8713
2648
2363
10183
2353
877
5915
3488
950
4131
2061
877
7047
7587
3488
8145
6703
1107
3320
5650
7260
7239
877
4022
5915
603
672
950
877
1222
10183
3250
9875
1938
1107
5560
877
1462
5923
6658
7363
877
3580
4611
8745
3061
8545
4611
4571
6703
2345
4753
2995
7363
877
10183
10183
1655
7456
2363
9906
2290
37
37
8329
4809
5065
1107
2541
329
5215
5642
5487
10183
10183
10183
1107
3965
9972
877
877
10129
4820
1107
564
4106
950
5650
10129
853
5642
10183
877
3127
2714
7797
1107
3662
8459
6703
9623
255
3038
255
840
5754
603
672
4546
4693
564
877
8066
8188
25
1655
7453
1107
672
5642
2541
4857
2070
8336
1655
877
10097
672
8764
877
1107
5730
9476
10183
6058
63
1025
564
1824
10183
5633
4123
877
5070
2222
8329
2714
5556
2785
7488
510
7389
2061
640
9247
877
7628
877
10183
877
5633
7035
4753
8677
8545
6703
4853
877
4857
877
5296
10183
4393
884
5986
6058
564
6265
877
7628
1256
3957
6142
6523
877
6097
5642
564
877
718
6641
4914
7328
10183
5090
564
1107
8329
7328
2059
8336
255
3185
10183
5176
9145
9360
4611
877
877
6301
1309
5650
8545
6703
1107
6703
877
3191
8545
9261
4057
2181
564
2363
5070
1009
5524
877
473
6703
564
10183
9460
7260
5650
564
7628
7628
5650
5650
5650
6889
6703
1812
2747
3515
9445
2363
6595
877
3781
8265
6161
9875
9769
5886
1420
37
4528
1461
2441
1107
5650
9567
1107
8164
2008
5642
564
1476
8173
877
10183
1423
3308
8329
7713
5650
2363
1107
6703
2541
10183
8336
12
5642
877
377
6058
8329
5633
2061
10183
5650
877
2061
877
10183
3376
6980
6058
6703
2008
5949
884
9572
5650
1826
877
10183
5065
877
4073
7628
877
329
5535
958
877
564
8173
877
8329
564
866
10183
6703
6502
10183
6615
877
877
564
9503
1107
6679
877
8959
10183
6703
5480
6074
3127
8329
877
10097
527
4611
5480
5501
1462
1107
877
2061
2714
3809
10237
640
9360
6974
877
6400
6728
4709
6197
877
3127
4840
10183
3528
1309
877
7628
5642
1107
877
5650
2541
7166
8491
877
8545
5650
877
2034
1107
2785
7343
2061
877
5296
8006
3358
2382
10183
4242
7701
7628
5096
2059
603
564
5176
1790
9847
3232
5480
5479
225
9607
5915
3358
9261
836
3937
3742
877
4670
7035
780
9069
877
4283
877
2235
2637
10183
877
877
2222
877
5480
6058
7142
877
5070
8260
5650
5217
877
6314
877
37
10183
10183
2541
4758
10237
8188
1353
515
4566
564
1009
2034
877
564
4611
6108
7083
6096
1928
2061
7083
2941
3414
877
8164
8329
37
2154
877
5787
1392
6572
10183
1584
877
8188
1258
5949
3127
6703
8336
472
8551
1462
10183
9437
8745
3369
10183
4566
877
1353
10183
9802
2008
5650
794
6703
10146
4283
10183
3185
877
877
9567
2241
4627
9719
564
6979
9802
5650
4309
877
9335
8164
8336
6703
877
781
1356
4010
1047
877
8188
877
877
510
877
3185
8329
8545
2618
10183
877
5575
3358
4933
4198
564
9623
8336
9445
4283
10183
5642
1812
5134
3358
3528
9802
3943
1107
1107
877
1107
5480
564
10183
8329
564
5176
4036
2353
6904
10019
10183
9815
877
564
877
1107
3888
9802
2662
5642
7363
9766
2623
5209
9476
3127
877
5650
3358
877
877
877
1462
877
10183
7628
564
9802
3488
1107
6572
4611
5650
10183
877
6400
10183
877
7527
4555
2541
2541
7142
2818
7628
6703
9664
877
8260
4305
7703
877
6703
4514
5650
5650
1812
5650
3255
877
8329
10235
877
877
7546
1159
3866
1139
3488
5650
7328
4628
10183
3127
5134
10183
564
9719
7628
7628
5217
877
1107
5915
9766
884
877
3849
5650
10183
6058
8329
877
8066
10183
518
7855
5915
6302
877
3965
2002
2363
6703
5642
1423
6058
7008
3414
640
5896
10183
2008
329
877
8774
225
3105
2061
443
5642
877
9280
2714
2235
25
10183
3381
2222
5915
10183
5480
9961
10183
7628
8260
4283
877
3714
7142
877
5650
10183
8336
564
853
5949
4283
2061
6658
7393
10235
7211
711
220
8329
6301
5176
877
6096
5642
2998
4242
877
3888
564
1107
877
9961
9797
877
1107
877
6980
510
8810
4627
9906
8173
2409
877
9094
1107
3704
877
10183
4478
4217
6425
9563
9787
37
877
3127
6022
7628
3185
884
877
5915
4478
1139
877
4933
1220
6572
10183
7363
3957
7661
10183
1107
2541
3405
8545
9579
877
877
7628
10183
9972
1107
877
5650
877
10183
3370
10183
5889
4627
5650
877
7628
1513
3105
4305
10183
1527
10183
37
8766
564
37
1107
877
6550
1461
2363
8164
1107
5480
884
8329
877
8713
8325
1005
4000
877
5650
1402
6301
5480
2061
10183
5692
6058
6889
5915
527
7312
5650
877
672
8745
6260
5650
564
10183
2363
877
1107
10183
3496
7628
564
6703
5650
5161
564
10183
877
1885
7713
2061
9720
3358
5346
1824
877
3185
6703
25
877
10183
564
9354
10183
877
10183
2888
877
1047
2941
4283
1309
1107
877
5096
4242
2347
6703
3069
3760
564
10183
877
3370
9440
8329
2008
564
9121
6703
7222
5650
877
4605
7628
1276
877
10183
5650
2059
950
7957
5650
1107
2541
10183
877
6703
6992
877
9312
4064
5650
9766
877
1462
9261
877
1107
5176
10033
877
5487
5070
5070
3185
8260
5986
877
877
7628
9720
2972
7363
5047
5054
8227
1107
5650
1107
2353
5217
5650
2061
877
10183
8006
877
1107
564
4200
360
3021
10183
1107
10183
5642
5713
4627
7035
1107
564
564
877
7458
1009
8260
7105
3528
2008
2927
877
2696
6679
3127
877
5176
5915
8329
6251
4603
877
7287
564
2835
877
2222
5111
6703
950
1487
877
10154
10183
3194
7628
349
8164
5480
7047
10183
5480
2078
5915
6058
564
37
7083
6557
1930
5915
6703
2008
1107
7628
7713
6703
8545
10183
3308
5176
5176
877
10183
10183
9503
9719
7328
3127
5176
672
5078
877
10183
5078
9719
877
1353
4566
9161
7363
1107
877
1462
877
5650
3528
37
6703
8336
5217
2061
6703
37
4903
877
3381
2818
8336
510
884
5569
877
7328
5090
5650
3849
877
564
564
884
1462
10183
5650
7902
3100
5642
2008
3358
255
4198
877
1309
1107
877
5915
877
9604
9632
1107
10183
2818
3928
877
4249
564
37
360
877
4305
4709
8532
4064
5650
564
2008
564
7628
1107
5650
7282
2903
2227
37
2685
2034
2748
564
10183
4611
640
7035
5962
950
3779
9719
640
877
8604
8336
1309
3496
8774
7363
9579
877
3088
2235
9787
10183
9445
2787
5466
4611
3809
877
4555
877
5070
8164
2363
1700
3127
877
2008
877
3764
4283
5217
840
2541
8545
6703
877
5650
4242
2061
4198
5650
5915
255
7287
8329
4627
9766
8545
4283
4867
1462
5650
1461
7628
7701
877
6197
3127
4305
564
37
6058
2061
1107
8745
4242
3127
950
7499
129
5047
4347
564
877
4019
877
8336
37
877
8336
8066
840
9802
7587
10183
7065
6498
7948
5176
877
9847
7628
7628
9937
4709
834
877
4283
877
640
564
5650
877
8336
6498
1320
7628
5692
4566
5346
877
7628
8959
877
6058
1107
877
9604
7628
5650
4628
10183
7557
7628
4064
6974
9360
6703
564
5054
564
5354
9572
6703
1658
5915
2034
8710
4850
564
5480
10183
877
877
9069
5418
781
8329
6703
3127
10183
124
10183
4670
8329
877
877
877
10183
2345
10146
2923
6058
5356
10183
6979
5642
5176
564
7275
4
9693
7328
4566
10183
5915
5215
1378
9766
3185
2235
4797
6641
7713
2061
3488
10183
877
8336
877
564
9802
25
5176
877
5642
884
564
4773
1309
10183
3370
2758
5217
10183
2541
877
4
3937
840
8329
7105
5650
4611
877
877
6959
3412
9875
4627
1704
9802
5915
7701
877
7605
3742
5176
8109
2696
2008
1461
9445
1107
877
8329
2363
2061
2941
2061
5650
8391
1107
10183
877
877
3839
3957
8320
877
877
1309
4619
5054
8194
877
1107
5650
7546
877
7692
6314
564
9604
7208
2983
5176
3528
10183
37
1107
10183
6703
4064
8545
7035
5642
8745
255
2941
877
6936
877
10183
4769
9069
7713
5650
5981
10129
7017
3889
877
6703
877
877
877
6301
877
877
8164
2061
7713
5560
6703
7628
1256
5650
1107
1972
3127
2541
1107
5480
10183
10183
7628
564
877
7499
5431
564
8665
564
9445
877
10183
6242
877
564
2061
10183
5650
255
877
1107
8329
9766
5560
1107
877
5480
2061
877
1719
8329
877
6638
853
10183
8078
5480
3127
6033
10183
4305
8973
3414
877
877
1107
6155
2089
4198
877
2008
564
6072
4840
8329
640
8810
6878
10183
3488
8066
7951
2409
4619
3127
1107
2541
10183
5642
4528
8551
1107
564
5650
7760
1704
10183
3695
877
5176
8710
129
8545
5650
5650
9766
2834
5556
37
4054
1009
9750
6980
6703
5650
5650
840
4709
10183
6658
877
6974
4305
877
6980
37
8616
3308
781
564
2363
3127
5915
10097
877
6961
5070
10183
2353
9847
877
37
2222
1107
9875
5624
1107
2070
3866
6001
9632
6440
9445
10183
564
3137
9604
564
1309
1462
5070
5915
5054
5650
1047
8325
564
10183
877
5480
225
877
9972
1462
7628
564
10183
7661
5915
877
877
5650
564
564
877
5176
10183
877
3410
10183
877
5215
6205
564
1919
6485
877
1107
4283
877
706
6703
7760
3728
718
2541
7328
877
6074
3714
10183
6572
37
840
5650
1107
877
8329
714
455
877
9567
2008
5480
10183
9261
4010
877
3232
3309
5524
5650
8320
1107
176
2818
10183
8774
877
389
10183
2061
781
877
8336
3937
877
2623
877
1807
3309
877
877
2956
5650
1462
7628
2637
6037
877
3127
5480
5650
1107
9330
5176
10183
10183
1655
1462
10183
9261
5650
2541
5650
2061
4709
9335
7902
2222
877
2078
10183
877
7605
8764
877
4283
5650
1462
3414
877
1462
4000
7628
9335
3127
7453
10183
877
6703
1655
8329
2008
5915
6301
8164
6058
840
2747
5915
4584
3358
3239
564
2541
5480
7957
564
37
4627
7105
5033
12
8173
10163
1107
6485
1107
1423
2805
7047
840
37
8164
6703
4542
4566
9927
4627
7628
4131
2061
2818
7792
7628
8336
877
3309
7661
3957
6679
10183
10183
6703
3753
877
6400
2645
10183
10183
1424
7587
5134
10183
3414
877
8745
1107
3414
8329
10183
877
3143
9802
5070
1928
6301
4283
877
176
1811
7628
4242
6058
877
1258
3780
564
8913
8265
4611
5480
6058
2723
3127
8650
564
3105
255
7809
10183
1779
7713
7628
5650
5215
3127
6301
8665
741
3185
564
10183
2008
10183
877
5915
4542
8164
8097
877
877
564
527
3185
9664
9719
4
947
3127
10183
5650
877
5480
147
5487
7628
2723
877
1256
5650
9880
3358
877
10183
10183
3528
2008
4850
1928
2541
9734
877
564
6001
640
7713
8329
7628
2227
877
564
877
5787
877
10183
3528
225
3358
7628
9802
2061
5361
5035
9952
10211
5642
10183
6058
6314
3839
7778
7724
6058
6703
3480
2541
640
5650
9797
1147
3431
877
1107
10183
2541
564
8329
8329
5070
10183
4447
1701
255
7605
6992
4305
877
7713
2648
877
706
564
6058
8188
8329
9280
4283
950
1009
564
5650
1309
5949
2287
5650
877
877
6058
8832
3255
2061
7908
877
2345
1885
4526
2363
7792
877
840
877
4469
6425
3366
6703
2363
6703
877
7647
6979
7453
1655
877
3308
5054
884
877
6302
3965
840
853
7701
9623
10183
877
877
7855
1353
2782
564
3914
5090
877
255
2070
564
877
9719
1256
3779
5650
1812
8108
1107
2034
877
2637
7047
877
10019
9335
4131
5415
10183
9841
10183
877
5915
5186
7628
877
2061
5650
5642
877
2061
877
2645
877
877
672
958
3760
640
5501
8265
564
877
564
564
877
5176
3714
37
3624
5078
6703
8329
2346
5111
877
7546
5176
6480
8060
7628
7628
4611
1938
877
4242
9509
8545
4057
5650
8959
877
4064
4426
6703
5935
10183
5176
877
2941
4487
9567
1107
877
840
37
8164
10183
8713
1107
877
877
10183
877
2714
8545
877
6679
10183
6230
7328
6058
2541
877
5642
5466
4349
877
2787
1222
37
6703
877
10183
6526
877
8545
10183
877
4709
1107
10183
6641
10183
877
6485
6728
2008
8260
640
3185
5176
4753
8001
2623
3139
2061
2061
877
8260
6400
6422
8832
877
5650
8654
5070
1009
950
2259
8188
877
1462
4283
8545
5650
9257
8745
9203
8329
9227
5949
3358
2541
2034
672
1740
5560
1557
8329
564
32
6485
877
877
794
1009
1309
6425
5650
877
255
877
7628
2363
564
2714
10183
877
1107
37
451
2541
3250
1330
7760
877
2222
7979
877
6703
10183
5650
8545
1719
877
877
10019
877
3412
564
7843
255
3624
564
10154
877
564
2287
877
950
6703
672
5090
8329
877
2222
9870
6703
5346
877
6265
6026
8959
10183
5096
5431
1309
3127
8164
6703
6001
6703
564
3105
10183
2747
2541
4305
10183
5215
1047
4131
2078
9539
10183
3127
6022
10183
877
10183
781
2061
1462
10183
9445
7628
2151
877
950
877
2061
877
1740
9074
10183
8457
877
2061
2059
1309
1107
877
9604
2061
2559
4611
1107
877
7515
877
564
6703
9335
6974
564
10183
2741
6653
3294
3624
6342
10183
877
877
2956
10211
7053
877
3528
4840
5480
4914
877
4566
840
877
877
564
3358
2834
8329
877
4283
4064
4283
8227
564
9875
3185
6485
1098
1107
877
4057
5466
877
7628
8329
7908
877
877
8545
1256
5861
7282
1392
1107
463
877
6954
5215
3250
2061
8260
9766
3965
9567
7870
8336
5642
451
1107
7823
2941
4709
877
7628
877
564
255
6615
5650
564
7778
10183
1107
37
10183
866
6301
1309
877
877
877
3127
37
10183
5650
8329
950
5070
1107
1655
877
4057
5480
1353
5356
5915
7453
8109
8329
7843
877
7628
3528
3528
603
877
877
603
877
5070
1107
2111
2755
877
6703
6001
10183
6703
7792
9586
877
1811
10183
564
8743
8959
7723
3309
840
2785
877
10183
877
564
877
9445
10183
2059
8329
9445
9572
564
1107
9847
5642
5038
7628
8232
3309
877
6703
877
6703
6696
877
877
6572
9121
9632
564
877
1029
9439
2111
4057
4064
10183
1107
5642
10183
6022
877
2541
5650
6058
877
9875
877
10183
5619
9257
7211
5650
877
877
10183
9802
3719
5650
5535
564
10183
3067
834
37
877
877
1402
1256
3185
877
2409
877
2222
3580
877
564
6058
2034
9145
9664
7797
1309
6342
877
6703
5650
4010
564
8164
1972
3088
877
877
1410
4757
2008
877
4606
6301
1812
6572
8329
7628
877
877
2758
4753
9612
1341
2696
877
6703
348
714
877
2541
9439
1107
7363
5650
6523
12
7870
7605
4142
3680
7628
10183
6703
9312
2061
2888
877
877
877
7701
5650
8336
9815
1481
9437
10183
7211
6824
6703
10183
877
8774
564
3779
5915
6703
9360
10183
8532
6595
5650
3957
3042
2008
877
4709
8457
877
5070
877
6703
5738
6703
4542
877
1885
877
10019
884
472
7586
8329
3849
877
9787
5176
10183
6301
8787
877
8329
1461
564
4064
564
5096
9875
3105
2061
9567
564
2888
1139
2061
718
1476
5650
2728
1812
4514
1117
2222
8545
2008
564
5242
794
9875
8164
10183
877
5065
3528
877
1462
2637
6703
10073
5856
877
3161
564
8329
2154
5650
10183
877
1972
10183
5915
3624
877
877
564
877
9439
5650
7300
1107
877
6197
8120
5962
1107
6205
7951
10183
10183
877
10183
877
6703
4709
877
950
1655
5765
9766
6155
877
877
7142
9360
5650
6396
2714
853
10183
2541
6037
6954
10183
7628
7035
7488
9572
6058
2075
7979
5624
7628
10183
472
7628
8336
5650
7105
1107
1107
1107
7891
7065
5915
5431
10183
7628
690
9802
8959
7628
877
2541
564
3358
10183
5176
877
5650
877
1824
4611
3358
8336
7769
8434
1107
7605
3088
4627
877
2728
6503
877
2941
6485
8325
2363
10183
6485
564
255
564
877
2747
5480
3528
877
2070
1341
6370
3943
564
6703
1378
6485
564
7628
877
7713
1938
3294
1812
6230
877
5176
877
7505
8265
877
877
3185
4349
5650
877
4709
9445
4773
877
3877
9703
3067
2222
10183
840
8545
5642
2222
2363
10183
4903
1009
2353
7523
9069
877
7047
877
10183
3358
5642
1423
124
6527
10129
6979
877
3808
3457
8336
6161
8336
564
6476
6058
7957
360
877
877
950
5915
2061
2008
877
1107
3528
10183
5650
7446
9787
10183
8545
5986
37
877
4283
2034
6058
1378
7628
7225
3127
1462
3143
877
2061
10183
7701
9766
255
3370
564
1410
4555
4566
877
7363
3580
8260
2061
10183
5111
37
1950
5650
2353
2430
1740
5033
10183
10183
5642
1811
37
8913
672
877
3127
877
9623
2241
7083
840
5915
10239
9766
3528
9906
8164
6092
9572
3127
10183
5642
6058
3185
3338
10183
877
10183
5176
4914
6712
5787
1462
8336
2363
5650
9514
5650
3528
5650
3957
6703
5650
10183
8968
564
3194
1685
2061
1928
6058
6992
7628
10183
640
877
877
10183
9719
877
10097
3100
10183
10183
1252
5176
6485
2741
2972
7628
5642
8336
5650
8745
5642
10183
10183
5480
8329
1009
1309
2541
564
5981
564
5480
564
877
6108
8391
25
3753
877
4584
2222
10183
5111
10183
1790
3185
1811
877
10183
5480
10154
564
7660
7363
877
3358
6523
877
6058
564
10183
349
564
8329
714
5466
4116
10183
564
9972
3889
1107
877
9961
10183
37
8329
3412
1107
7017
8545
1402
5650
1047
1309
877
877
9847
8329
10154
877
877
1025
7428
564
877
9586
1029
3127
6265
6679
877
10183
269
8486
877
3147
877
5650
7823
5176
2222
8232
1719
6679
4797
37
4305
7515
10183
877
10183
10183
5650
5642
1220
10183
2637
6685
3185
7047
2008
5642
9567
10183
8109
4123
877
37
8336
877
877
877
6058
2464
10183
9961
5111
3127
3528
5650
877
877
6502
877
8173
4753
3624
1424
1341
3376
877
9312
10183
564
564
4630
950
7713
877
877
9851
877
5713
9261
877
1107
877
564
672
1107
877
4198
564
7363
5642
9766
5650
5418
1462
4611
853
10183
6615
3294
9569
3957
3185
877
4840
564
877
6557
9487
6485
2008
8329
4709
6980
9766
564
2059
3358
1107
6485
2782
6526
3957
603
4242
7628
5070
877
8329
8097
3185
9445
564
7628
5650
10183
564
564
877
4914
3753
3846
4305
3127
2222
4283
7957
8457
9330
8001
7328
4198
8329
1659
877
877
8710
8078
1507
10183
9870
7016
4619
5650
6058
2363
10183
1107
2325
3869
2061
2008
877
5650
3127
877
877
5480
10183
564
6301
1462
6527
7628
9875
10183
6072
1740
1341
4447
2008
877
4054
1107
2541
6058
9563
3779
6022
6979
2972
877
7328
329
10019
10183
6879
5070
6301
8120
7628
6058
5176
950
7713
5176
3127
877
9335
3185
473
2363
5650
564
5480
10183
8545
3147
877
8329
5915
5642
877
3488
877
5650
10183
8832
5986
4637
5304
8862
6485
877
1147
8260
2541
10183
6557
3021
3358
4283
564
7628
7713
6703
5650
10183
8164
6712
6058
6703
877
9569
6703
5480
877
8343
37
8329
877
6703
2061
9328
2061
7855
840
5480
8745
1462
9445
4566
877
7628
5480
9445
2941
5787
2541
1826
4283
2913
877
877
5915
9261
37
10183
9145
877
2263
877
510
3294
2222
348
10183
1107
9875
6980
4797
6142
3849
8320
5480
6703
4261
877
2541
1107
4305
781
1107
564
8329
9567
10183
877
2008
8006
3780
564
877
5217
10110
3185
2222
9074
877
9335
5915
9069
3957
2728
2222
5361
877
1107
5642
6703
4091
9937
877
771
603
10183
8868
4611
10183
8713
564
1420
877
7201
8932
7628
4867
7723
7053
6055
5047
3185
255
9579
877
877
2222
4116
9335
6485
7660
6703
2008
5650
1244
877
6037
6696
10183
2747
37
1462
877
7792
5915
877
4287
124
9445
564
877
63
564
877
3480
7660
884
1009
6485
5787
9875
4914
564
10183
7048
7300
5650
3937
10183
1244
877
2363
877
8164
2363
3147
7659
10183
10183
9203
9567
877
840
4903
5915
5650
6641
5650
2978
9720
4797
6703
564
3127
877
4217
1322
2623
7778
9439
2541
6980
877
1462
877
7957
3528
2835
877
8979
640
564
8097
3127
10183
3127
7843
877
5650
9875
9623
1885
5650
10183
7628
8545
8164
9875
564
5480
877
7647
8320
19
877
10183
2755
877
4198
2382
6058
9335
877
2541
10183
10183
564
7628
4758
5134
9847
1972
564
10183
10183
877
10183
877
5650
4064
3488
10183
4627
3680
1748
7363
877
877
877
5479
877
877
10183
5642
8329
5650
5176
9906
877
6301
10183
2008
9094
5650
4809
2235
1107
3105
7843
875
6550
2222
950
5693
5650
10183
10183
564
10183
877
10183
10183
6703
877
734
2972
10183
8336
6696
8545
6058
1462
1009
5096
4773
5650
7628
3742
2263
10129
5003
10211
564
2008
2748
877
7239
4064
1476
5480
7628
5642
5650
535
5030
37
5070
3185
2008
3695
5501
877
3957
2972
6679
7628
6058
5856
4584
877
877
9607
2623
10183
4283
8545
10183
877
9121
5215
1557
2061
5487
950
9875
8164
877
564
877
2222
877
3849
5650
877
4057
9797
877
129
6703
10183
5554
9875
8654
7628
564
8545
3358
3105
1107
10183
5650
10183
8164
10183
4123
877
7701
4305
564
877
8551
5134
4903
6058
9476
6485
6155
2972
3719
2941
1107
877
4283
7628
10183
2541
5096
3480
2061
2645
877
4853
564
877
3431
6058
1826
10183
2941
1107
1107
472
7225
4840
6370
4283
10183
5650
3704
5560
220
877
3580
877
9261
564
5787
4131
6526
2059
877
5642
10183
2061
5650
3488
877
2637
6058
5650
4031
5480
3515
8108
209
2787
6006
5915
5650
9335
5501
2818
1107
6679
564
9766
3358
4064
1309
877
7628
564
877
877
8329
9378
37
5624
1107
5176
4393
4054
877
877
7628
8145
6485
92
10183
10183
877
2027
877
5466
9875
2061
2776
6476
5560
8545
1107
2111
5070
8797
6074
564
10183
877
10183
9787
1309
8545
5820
9972
877
1964
2363
6658
10183
9797
3223
6979
564
4242
5915
1107
7957
8164
9750
3528
10183
5650
1107
5176
877
37
877
219
877
9261
564
877
1972
564
877
147
8797
10146
877
2782
5054
564
3916
3779
6400
6703
6058
10183
7713
6058
10183
4198
564
4566
7343
4630
5915
9563
9962
2747
877
2222
877
3488
5986
877
2353
124
564
5650
255
7605
5650
877
5693
8164
8832
3528
10183
877
6641
3370
349
5650
3488
781
6058
10183
7792
2714
37
2061
5480
2541
5915
8164
6879
255
2941
2623
7843
5642
950
564
5650
4000
564
9445
10183
5054
7628
7628
564
8336
5215
950
1812
2222
771
1107
877
5779
7047
5650
877
5650
5923
564
10183
4064
7328
2541
4591
3308
10183
2008
564
4305
8764
4566
4116
6400
37
2059
877
2061
2714
877
3376
2541
10183
360
5217
877
8677
5217
640
950
877
6703
5738
2541
1107
10183
840
37
564
877
877
5642
4637
2137
8336
564
4249
877
877
840
4283
8810
564
877
877
4309
5096
10183
877
1258
1824
8921
6001
5176
564
564
2061
2061
9972
3528
1812
10183
19
6980
3624
564
2059
5480
6703
2541
2059
5650
4933
9393
5650
9802
5650
1655
877
8745
3414
7628
877
2662
1107
2061
9514
6703
10183
7628
5650
9261
1353
1107
7628
7628
877
5794
8329
2776
6703
3088
2061
5650
5070
10183
3414
2061
10183
9439
8173
877
2834
5176
5650
5915
3127
5650
840
6703
950
3358
840
1258
6703
7356
10183
2541
564
5176
877
4057
7363
564
10183
8164
564
2774
877
3846
6703
10183
877
1173
6703
5215
950
2541
3255
877
877
877
10183
4305
877
564
834
3488
1107
877
877
3825
10183
5480
10129
2061
6851
3528
672
4611
5304
25
8545
877
10211
3849
5054
1462
6503
5986
877
3528
8292
640
1309
10183
1107
5480
6703
877
6703
3358
5693
6370
4242
3185
672
220
7363
255
9875
2061
10183
2008
950
1107
389
8001
877
2978
9847
3127
877
2353
877
10183
2941
8188
8545
3366
2294
2061
5915
564
255
147
564
7586
4116
6992
7628
5000
5650
5296
564
7287
8770
5650
7628
564
7628
10183
3580
9445
1107
4914
7855
6703
8713
5176
6703
10183
877
2758
1309
5650
4249
5176
9261
10183
3624
5176
4242
1719
877
4101
8164
877
10183
6703
4305
646
877
877
4914
37
8336
877
3185
6703
672
2782
9439
9841
877
7328
6140
564
6242
2061
10183
4744
877
6703
6400
2008
9720
4064
4914
877
3580
9445
10183
6476
37
1476
7328
5642
10183
5650
10183
7891
5650
4283
8120
877
5650
6703
10183
6658
8336
8246
6485
950
877
10183
5642
10183
6200
5692
877
4447
564
3358
7328
3127
5949
2008
10183
6703
6526
10183
4242
9604
4283
9354
5650
8109
1424
564
9966
10183
1107
1309
9048
1107
7363
10183
3414
4753
877
1107
1107
10183
3496
2541
7628
877
5642
877
10183
1107
1378
884
564
5650
3358
7713
7628
6658
10183
2059
5923
1540
7035
3127
37
10183
3528
7016
5120
3943
564
5650
4116
2888
2541
10183
877
877
4
877
507
6058
10183
8774
564
5415
877
5650
10183
4242
877
6703
564
877
564
9623
389
877
2061
2685
8710
2061
4283
8650
10183
8260
5915
3888
1309
8260
877
10183
5642
5650
877
2059
1107
329
10183
1420
3358
8329
2061
1107
877
2941
877
8343
37
6641
1276
1107
10183
3760
10183
6653
5176
348
3194
877
3320
877
1107
640
1107
10183
10211
877
7239
564
564
3780
877
9936
564
7701
5981
6854
7552
5915
10183
5567
5650
950
877
10183
37
564
877
8797
8329
3528
781
877
2008
6155
6961
10183
5642
7628
10183
6703
564
5090
360
877
7142
4242
4064
9719
564
85
2061
564
37
7428
877
7902
877
7458
255
4131
1009
877
884
5480
877
5650
5466
877
5650
3888
5642
6058
255
3414
4528
4
2623
9335
877
2008
672
6058
10183
1655
4611
9440
877
6703
9639
10211
877
4241
877
6992
3957
9121
877
7142
5650
1812
4031
9569
840
7446
9572
5650
9719
1659
6301
877
8959
6679
3847
8164
1107
2353
877
7628
3982
3185
877
1164
9880
6703
877
9632
6679
6703
781
5111
877
5065
2222
5650
8329
5915
877
877
255
6703
8336
255
2061
877
2267
5650
4198
10183
877
10183
6703
5642
32
564
6889
646
1972
10183
6058
5692
877
877
6961
2070
7268
877
2034
877
8329
877
5650
564
4242
1353
5033
5535
2061
2070
2363
877
877
958
10183
8677
5650
10183
8604
472
2061
877
5642
2061
8745
7628
8120
1107
877
877
877
10183
7628
6703
9604
2941
2241
5650
9802
9719
9121
5986
8164
564
10183
877
877
877
7328
10183
4305
5483
8078
877
3067
2748
5134
877
7891
9330
5915
8329
877
5915
37
2972
4797
7713
5642
564
10183
781
2008
5650
5642
5090
3021
5650
360
2294
3580
877
10183
897
5650
877
9719
4670
7891
10183
564
877
10151
2061
877
9335
2061
2089
8164
5949
5120
2061
2061
877
6055
564
877
3742
4031
3528
3127
10183
877
1462
3662
10183
2325
640
1107
10154
4773
1107
877
6703
3011
8551
3624
10183
8545
2061
4393
877
2363
6961
7260
877
10183
877
877
1159
2154
877
37
5947
8774
3127
640
329
6679
9257
10183
2061
4619
2363
564
4198
6485
8329
2346
9719
9623
564
6074
2061
4670
1410
3127
9261
1790
2787
5650
3255
7328
877
8545
3630
6703
877
4198
877
10183
9261
535
2541
5642
877
877
877
2154
10183
6703
5054
877
4198
2287
877
2222
9445
877
1462
220
877
9227
2834
8173
2061
9875
9787
877
3100
5176
6260
5480
877
5480
10201
7760
5650
3161
389
7328
877
2061
9335
877
5642
8745
25
8329
1107
8329
4031
564
2728
9572
5949
9487
2061
6703
5470
564
3889
5650
877
527
6058
877
10183
9248
3358
3760
3763
8336
564
10183
25
877
6058
3127
4131
3662
2061
8973
1107
505
9880
6679
451
2995
9487
6703
877
5642
7713
5176
8774
1341
7105
3965
10183
840
7047
8260
8336
877
7047
25
510
5991
377
9572
980
5915
877
6001
1107
5567
877
877
4283
7628
4709
472
9875
8336
5176
3877
1107
10183
4242
1378
6679
3779
3139
2363
5915
3760
10183
6961
5176
5480
564
877
5650
5642
5176
4073
10183
8260
9972
5295
10183
950
8173
877
950
8545
5730
4627
6679
877
7017
877
2436
877
8545
564
7047
6485
4603
1740
3965
1029
10183
564
5650
7275
2061
2747
8336
7458
7628
564
10183
877
6058
1950
1790
877
2061
3779
5176
6408
5915
884
9936
6658
8551
877
9906
9766
5650
794
3358
9378
564
877
3239
5134
3127
10183
7628
3369
9207
3358
4242
6703
840
5991
8329
5915
2008
10183
603
10183
4942
8855
2778
884
672
877
1779
8545
2222
4706
3250
564
1655
10183
3358
877
10183
8545
2337
1258
8545
2008
2941
10019
3528
2061
7628
2541
9335
6485
6679
9445
5134
564
5111
1107
877
564
5787
4283
1740
2061
877
2061
877
8545
877
5480
5650
4283
6265
5003
3528
6058
5655
2436
9445
5650
5070
6703
5176
8745
6658
10183
5642
7628
8996
877
3185
9121
3185
360
5642
9460
3147
5923
840
640
5343
4283
877
877
5466
9903
5650
5215
8336
10183
6342
6412
6408
255
1320
6658
1033
5215
37
564
877
10183
5217
5176
564
3410
877
5650
7697
3069
7363
5915
518
5560
6703
329
564
2747
1462
4198
8959
2541
564
9797
5134
10183
9972
6485
877
2008
2222
877
6854
877
4769
4349
564
5650
564
10183
3127
10183
4198
5915
640
4131
4064
9632
2263
3928
3127
6476
2061
564
8164
10183
6703
564
3358
4354
5915
6641
840
877
884
6703
640
877
9280
877
4670
884
4857
37
4773
5480
9802
7047
1107
2078
9445
10183
5176
564
10183
6557
1107
950
10183
8329
1256
877
564
4619
5090
1824
37
877
6975
7628
6703
877
836
3185
10097
8545
8329
7235
6979
255
3309
6658
6961
5650
9632
10183
877
5176
8329
877
129
8188
320
9880
8832
3127
7053
8145
7809
10183
10183
3779
2061
5991
10183
472
3127
6037
999
5779
840
877
3185
6703
2061
564
877
4825
564
8164
7957
877
5915
2061
2751
877
5215
8329
564
3358
7984
3540
9524
8164
2061
3809
877
10183
7628
877
9445
6703
8743
7902
9880
7628
564
877
2541
5501
3127
9034
10183
1462
8164
564
255
877
877
5713
5560
877
840
9797
2541
8164
1462
5217
7713
7389
877
7446
7053
3965
7086
877
10183
1107
10183
877
4283
6703
877
877
10183
1107
4670
37
877
2623
7628
5947
877
10183
10183
6641
564
877
10183
6679
3127
877
8853
10183
5650
564
10183
4019
2061
2541
877
9125
7628
1885
5176
4546
5650
5650
1256
877
877
877
564
1256
7546
4057
8797
6058
510
877
9972
9145
1309
507
10183
3488
329
4709
10183
877
9766
640
3704
3781
10183
2363
8329
7343
360
877
1256
7328
9261
877
10183
3528
8959
564
5215
5096
7035
6527
3358
4447
10183
877
877
9437
4566
1047
10183
6703
2059
12
1462
5650
7047
4019
877
877
10183
7778
10183
10183
7701
5176
2061
5650
5575
4867
958
3937
877
877
1353
6889
10183
877
5861
3273
5330
1923
5501
877
1107
877
840
472
9572
8745
877
564
9503
147
877
8232
3185
5215
6703
8329
9476
1928
2941
1107
877
2008
5038
9121
7236
3760
5065
5501
255
2503
5650
3105
1107
877
877
3809
1353
10183
5480
5650
9847
3457
3115
877
1107
6058
5176
2075
9261
2363
3888
3414
5070
5915
877
7166
5650
9393
6879
4611
5487
8959
9639
7343
37
6342
5915
7557
2623
2830
2430
37
877
7453
3127
6703
5078
1309
4305
1811
2222
877
6058
5650
7628
877
877
950
4850
6658
5176
5650
2618
9248
2541
2061
6703
877
3488
10183
5070
10183
2061
564
9847
4064
6485
37
9476
877
4131
9360
3185
6302
8545
1107
5650
5650
10183
7047
10183
7035
7628
564
564
877
877
1309
7035
9563
455
6440
4305
1107
8001
2061
3127
10183
2983
4064
6703
7628
5650
877
7773
6001
877
6140
4198
7047
10183
3760
1107
6703
7065
8265
958
564
672
1341
1107
3358
5650
6658
853
9703
2541
510
2151
877
10183
2034
8329
3127
5176
564
564
2618
7047
6703
37
2070
564
877
5650
4584
3358
8745
8745
10146
4611
10183
564
877
3480
37
877
877
7628
6980
6485
1107
1107
640
564
877
1928
8001
6485
6527
3431
5650
877
1392
10183
3540
4432
10183
3431
877
877
6058
853
877
877
836
1812
877
8545
7628
2008
5650
7660
564
2222
2787
1719
2008
2541
5466
6572
8832
6975
6703
3358
3524
7628
877
5650
877
9524
10183
877
4116
10183
877
877
3414
8329
8329
1807
3127
7239
877
10183
3540
3714
877
10183
877
2714
5176
7083
1258
9719
877
672
2154
5134
2059
5820
472
7713
10183
8336
5215
877
8391
6052
10183
7211
1047
7100
6006
9847
1256
8545
37
10183
5480
3662
4850
5650
7201
877
7083
8329
5642
3608
877
8078
2008
329
5915
8391
3414
17
1476
2541
8060
3779
2061
6703
3127
6979
9445
5480
4198
5650
5120
2714
7628
2758
1655
1107
5217
8532
1139
5586
4
1107
5296
877
7453
2008
7235
564
6703
6974
8545
3866
8329
10183
877
8164
8260
2714
877
5070
1107
4566
455
7628
7328
4709
7523
2662
1107
1009
6301
3185
5650
877
877
8745
2222
877
4283
4057
255
2541
9719
7628
6703
10183
10183
3250
877
1107
7328
7605
640
10183
6703
6058
10183
706
4611
7328
9261
877
8770
2623
8545
5642
3515
877
5650
5120
7083
10183
10183
1462
7047
7628
9875
877
877
877
2008
5713
1462
3185
8320
9177
7628
2061
2541
877
2747
8551
8336
37
877
9360
7628
564
6642
9505
1107
1315
877
5070
3410
2541
5090
1788
564
7363
564
10183
5356
877
3127
877
6301
8832
3714
564
6485
10183
10154
10183
877
4853
564
2360
640
6342
5650
5176
9034
2353
8646
4432
1107
640
5038
6265
9719
6503
6001
8336
2541
734
7855
3779
877
5176
1107
10183
3488
877
2742
2008
9503
2541
877
8145
5915
9847
7713
1826
6058
360
568
877
877
4057
1139
6058
2541
3480
3127
7499
5650
7628
3185
1972
3185
564
8006
877
564
4753
5070
3412
10183
877
5650
8336
6097
877
4116
897
9503
6572
6980
5176
4709
10183
2181
5650
7268
4584
5633
877
877
5642
5480
564
877
5650
1309
877
10097
877
877
564
10154
2061
5035
1107
4242
2714
37
5650
255
5065
19
6058
4283
592
877
5070
6155
8329
877
9503
877
10183
6142
2061
5650
10183
877
9567
7047
7363
8329
2061
3624
877
37
5210
877
6703
4200
1047
37
2956
4242
7035
3680
9937
7628
564
3937
1309
1507
4758
640
7065
37
3250
6658
640
2061
9720
6337
8329
6230
1107
877
7902
1107
10183
877
1402
2714
2347
8832
10183
348
3780
4
37
5650
2824
8329
10183
6058
2751
7328
6092
9330
4198
6037
5642
5047
10183
877
3308
877
6703
10183
7291
10183
1341
8325
2541
1788
8545
3127
877
9445
5038
6476
672
1107
1159
718
9335
5738
877
877
4198
6703
877
877
10183
1047
877
564
472
2325
8979
10183
877
6703
8551
6703
6679
2941
4566
564
877
1107
3630
6058
949
7713
2541
947
4116
2325
5650
3414
877
6260
4706
3496
6337
10183
1812
4242
9880
5176
209
5650
3250
7328
10183
2008
10183
4840
1107
2061
4064
564
6703
672
8194
5296
6975
8959
2541
1309
3358
877
4546
877
9503
877
10183
8001
6703
877
4566
5650
2061
877
5560
1938
2541
884
877
4670
564
640
2008
10183
6523
6975
4198
8774
3624
877
2903
7628
2061
5650
5650
6058
3528
3127
877
7201
4528
10183
877
3250
877
877
4242
5915
2787
7723
6980
877
4242
6959
2834
3185
877
6572
10183
7458
2008
2008
1107
3127
2061
8745
564
3185
564
877
877
6058
6992
6142
1462
25
5650
8855
37
5176
7628
564
9177
9875
7291
8545
6058
1009
7628
5650
3358
5650
8320
2541
4627
5070
564
1593
10211
1683
2541
4619
877
7453
3457
8329
5466
564
2222
1107
884
564
6992
1655
5501
2541
640
3127
877
3485
8774
1655
4057
5047
6653
8391
6703
10183
2075
9074
5650
2061
6058
3127
6001
5070
877
7823
6980
10183
9802
877
9505
3127
877
4914
3528
2541
8329
2061
877
9972
564
5176
564
10183
5650
877
1107
7628
7839
7363
8774
877
37
6975
877
640
9847
3358
4611
1107
7628
1107
958
6703
3457
9145
5650
6679
5176
8558
7222
7047
4517
2059
5949
9719
3185
6979
3126
37
5650
840
1107
7083
1107
7628
877
9505
564
5642
3431
1309
1107
5215
7957
10183
2941
950
877
10183
7628
2353
4283
7000
564
4349
2965
10183
6679
2741
2245
1107
2541
5070
5642
1655
9445
564
6058
877
6026
4198
4064
877
2660
10183
3540
5650
7628
9972
5915
2151
6879
9567
6703
6595
3021
5915
10183
9563
8604
3677
9847
3753
5480
10183
6703
2294
8336
2541
2008
7605
5054
564
5650
9766
7035
4198
6703
9875
1943
37
7628
10183
884
2346
9875
2034
7048
4797
877
5575
3223
5480
4773
4198
8336
7701
4566
9335
7312
4216
10183
7979
7083
37
10183
6058
877
3965
2222
4753
564
7379
7661
5070
1353
564
255
877
1256
564
6342
4064
1811
877
564
877
10183
1812
8336
5650
7628
877
877
5650
10183
9192
5861
2151
9937
4198
4546
1009
6975
1107
8336
877
877
5915
9875
4619
7363
4546
4283
564
9145
5923
6301
1972
5047
9623
6572
1420
1309
2818
6675
3528
4840
564
8188
8545
2008
2111
5330
6058
5650
1107
564
884
2541
3528
3957
5915
877
1938
9261
4606
564
2008
877
10176
10183
877
5480
8969
1256
2061
3127
255
6703
5524
6026
7328
875
7760
6703
1107
5090
6641
1928
5650
877
1107
5650
6703
4091
7291
5524
877
877
1980
2541
7312
3677
2774
5915
1923
7792
6001
877
877
10183
6703
1867
2008
3127
877
3488
2541
877
5650
6140
8329
877
8329
6097
5176
10183
7713
6658
8545
2059
564
4469
877
4217
2222
9802
6658
8329
877
730
6058
10183
8026
564
2541
10183
6302
2834
2008
8164
10183
2008
5343
7628
1107
9261
6613
5650
1107
6400
5787
2541
5650
9952
1584
3250
2382
4627
37
711
564
9875
714
9261
564
2360
9074
7035
8336
840
6092
2061
877
5480
8001
9766
877
6108
6703
1107
3488
8329
640
5070
3191
1353
10183
6703
10183
3185
7701
6703
5199
1107
884
564
8060
5215
7703
1107
897
1824
10183
5650
3250
1423
5480
877
877
9360
877
564
7211
2222
5650
5650
1220
3624
1107
640
877
7957
1655
10183
3528
8713
7628
877
877
877
7058
7628
10183
10183
5176
877
4517
9460
4064
5111
884
3528
564
2061
877
7328
10183
877
7546
9261
877
6205
7628
6006
877
564
5986
10183
877
1107
7713
877
3239
564
564
1309
2559
4198
640
1107
5134
877
3127
8329
6037
6314
9445
5006
6301
564
5693
6703
1309
6161
5047
7105
877
877
8329
5896
9439
877
9335
4057
2541
10183
9487
4287
6732
6096
3127
1309
6140
10183
6001
3127
4447
877
9487
877
6703
640
7546
8959
877
3866
8329
877
3528
877
7343
2222
5501
1107
877
6979
2747
5418
2834
10019
877
1107
877
5054
877
877
640
877
564
2061
8292
9445
877
5650
10183
6001
6703
8616
7058
2346
5560
7792
8164
19
6615
6557
2353
2061
3488
4487
8336
877
9335
37
5176
8774
781
5070
4106
3127
877
564
877
877
472
5070
7723
877
9569
9569
9693
255
877
4546
9766
877
8336
877
877
3127
8654
5650
1812
10183
1462
877
877
564
8774
4709
877
564
1107
37
10183
6936
7587
1341
7713
10183
2008
564
840
5120
7605
2541
6001
5991
9766
5642
2089
877
5134
5144
7166
3127
2034
877
6072
6979
5176
6703
5524
877
877
9952
3849
2299
10183
9261
8336
564
4840
5176
6703
5650
6001
10183
1107
5120
5650
9572
6242
877
877
2714
1470
875
3358
877
640
10183
877
1309
8260
1315
5554
4249
877
6703
564
7713
10183
1353
7356
5466
8325
7713
7628
877
5480
5650
5070
6641
2995
255
4198
8164
349
2363
877
564
7065
877
9563
836
5215
6001
5923
7048
877
877
6572
9719
2061
7628
877
877
564
877
877
877
7713
877
7628
5070
8260
5480
4619
877
877
5070
4584
5650
37
2998
9335
9787
3127
840
877
2541
1107
37
3624
10183
8545
2363
9766
10183
877
564
1811
564
9693
10183
877
7619
569
3358
8774
1047
7628
3965
9875
877
7823
5120
3405
10183
6058
9763
6108
877
6703
5216
6111
7713
7628
255
718
877
10183
7048
5650
5480
8616
1066
4057
640
672
877
1740
9802
6175
7628
1107
6242
4073
6295
9567
3127
7628
2541
877
10183
8336
124
2541
5199
877
877
6370
3580
877
10183
1009
10183
5650
564
3753
3021
5915
5619
877
9563
9439
4283
1288
5209
8260
4198
7065
3528
7389
877
3127
3127
564
877
3849
1481
640
7142
8545
2363
10183
4283
1462
6658
3358
5216
5642
877
5431
7363
9802
877
6962
7628
877
3185
877
255
4073
1107
2008
5487
564
9972
4627
564
6665
877
8320
5650
4172
564
37
3714
7628
10183
2059
5650
877
10183
3127
1107
9870
2061
5915
5096
8329
1885
349
4619
4630
564
4283
7628
10183
5470
7628
7087
877
7328
877
564
37
4064
5915
7628
3308
10201
100
6658
1009
4305
4283
25
6679
877
1410
3662
1107
37
2541
2541
6703
5650
9802
7648
6703
6485
10183
6703
2345
3126
5176
877
37
7065
5650
8329
209
877
6260
5176
1309
8329
5650
9445
2782
2008
7628
9847
10151
7773
2541
564
3255
7628
5650
877
8336
950
7053
10183
8979
877
5650
5650
8320
8459
741
10183
1507
877
8745
877
37
1107
37
877
877
2222
1107
10183
8260
7628
2008
10183
564
10237
10183
7142
2061
9972
564
37
19
877
5650
564
10183
877
12
8842
6485
877
1107
10183
877
3127
4914
3480
2061
5466
1811
5522
4064
5986
6863
2559
2541
8745
5176
877
8745
5820
2061
877
3127
5480
3515
877
9894
10183
9261
3714
3127
6703
7066
255
1107
8164
10183
10183
6675
4432
10183
877
8188
6703
6889
3319
564
564
3947
7343
9539
8329
741
7363
3889
877
564
564
877
877
5650
8329
7047
877
672
3255
255
2235
877
9356
5624
877
877
5650
3223
2785
6074
4753
1258
6485
1107
2061
5650
8260
6658
7505
10146
1107
564
877
794
8329
877
5650
10183
1107
2334
6155
5650
8329
5480
7628
10183
1812
6703
5986
4283
8329
5650
7211
2363
877
37
10183
6884
8329
4709
1107
6058
7446
7628
7035
877
7505
5650
4584
5070
975
5650
10097
564
853
5650
9787
877
10097
5216
877
877
2061
6703
640
9261
877
4753
564
7628
7328
1481
10183
5935
877
6703
3414
877
5480
877
7628
5480
5650
6526
9487
1719
129
4903
8325
10183
4542
3849
877
37
8336
877
834
1655
2100
3877
4709
7201
6205
8109
877
1315
3069
877
884
1107
877
10183
329
877
877
3021
10183
564
7453
877
8921
4528
3042
1341
4857
3309
8145
877
5650
6422
877
37
37
3760
9693
1107
8832
10183
640
5650
4249
884
7328
6679
8164
840
877
37
9476
2070
877
877
10183
4670
877
7760
7628
10183
877
6679
10183
10183
5176
6703
564
5120
877
377
481
3185
1309
4611
5483
6703
4198
515
8336
564
5787
5794
4584
10183
2541
877
9261
3488
1107
2290
5915
10183
877
7225
6679
9847
37
7291
3849
5070
6485
8650
10183
3849
8459
1107
9878
10183
6703
473
877
5915
3414
10183
877
1009
6703
9632
1356
958
8336
1009
7713
3846
7868
8164
8677
1147
1309
2078
564
877
5861
877
877
6142
2138
6703
2541
5650
877
1507
7628
3319
5915
877
5650
4709
564
877
840
7713
5296
5215
10183
1107
5650
7902
9952
877
8173
714
10183
5210
6615
4347
6295
8391
3779
564
877
9074
877
1811
5986
9563
2061
1423
877
2061
6242
3624
2541
1107
1107
1107
5501
1107
176
6980
8325
6703
2541
877
6242
877
877
3849
7225
9445
4426
7047
640
1309
564
9927
877
6205
3250
10183
8545
5650
348
7363
877
5199
8545
4349
8545
2998
5070
877
5650
5650
1107
564
5650
3250
472
6485
5650
2061
5480
640
7628
877
7048
3127
9476
3127
7628
2758
877
640
6485
1107
5713
5650
877
8329
564
5650
718
877
1356
6140
389
2299
884
1107
2008
8336
884
950
2818
1107
1107
443
9567
255
5650
6703
7527
877
866
5215
603
3161
8164
564
877
8391
4528
1107
8164
3250
1309
6878
37
10146
8164
2181
5650
6703
2409
5480
10183
2061
877
4670
8616
4198
10183
5560
5090
8329
8545
877
5176
4242
7065
950
5567
4217
7343
2541
9766
2070
2070
9961
1935
564
7201
5487
10183
877
6440
6140
7083
3127
1290
10183
5650
877
8797
877
877
7628
9261
10183
877
7628
877
2061
5054
3846
877
209
5176
5642
5650
455
3185
1009
9439
7456
7047
877
7066
5176
4064
9787
877
3847
8545
37
6703
877
6572
8959
690
2618
975
5915
1256
5217
877
9802
6961
7328
10183
877
1972
2027
2008
564
4628
5986
3100
37
10183
877
2061
877
949
8260
9847
2075
1812
8855
6961
877
2222
877
10183
564
5343
4943
877
3308
5915
9966
564
4566
4283
564
3309
5234
1107
877
7628
3937
9261
5487
7328
564
1462
877
7949
8329
5176
7456
10183
6975
7017
8545
877
10183
3067
2222
6058
7363
877
360
8109
10183
1655
4840
5415
6703
3376
877
7713
6703
2645
1107
7628
866
2235
7628
8329
7701
877
4611
1107
9261
1107
10183
8336
7389
2061
37
2747
5642
886
1811
877
5986
2061
8188
6703
8343
10183
2008
5693
877
17
6337
877
8665
4460
10183
1107
9875
3105
6001
5054
877
877
2061
10183
3358
2541
5650
5296
3127
5134
877
5176
877
6615
2714
877
8260
2089
877
564
9445
7343
877
5878
8545
877
877
564
7628
5642
564
8329
9952
3069
3780
7628
2541
564
2541
9321
10183
10183
5986
6970
877
10183
3528
877
5480
3185
877
7628
877
2061
877
4611
7239
877
877
10183
5650
1009
3038
8329
6979
10154
1107
1812
4349
6557
8325
3719
6476
6979
6703
10183
63
564
1107
8164
877
5787
2723
1107
9632
4566
7035
877
3528
5217
1107
3928
5650
8545
564
5176
8329
2520
9261
1109
4283
2061
10183
4261
877
10183
5650
8457
877
8832
877
2683
877
564
10183
877
2061
5650
1788
877
10183
7312
10183
6703
877
7839
10183
10183
8921
7546
564
8329
877
4309
6301
5176
3957
5650
8774
877
10183
5642
2830
6703
5787
877
877
2345
2714
2696
5650
10183
9936
6302
4283
7628
8329
3809
7628
8329
4709
2972
7312
4850
7628
6523
564
443
2070
255
8545
7713
6703
6613
3185
2061
2382
8545
8336
2818
4630
5065
6058
5242
877
4528
564
4283
5501
672
5650
10183
640
6425
255
9207
1655
5738
10183
4514
5176
1107
564
255
1107
3127
3127
5487
6703
3515
8329
5650
7239
7628
5054
2061
3358
564
10183
8329
949
564
877
1025
877
999
1309
5487
2008
7300
2541
8329
4567
877
10183
451
877
7058
10183
7628
8336
9847
4305
10183
8173
5986
877
877
877
8292
8329
5650
877
8329
8488
5886
4283
564
4566
7713
1356
2785
3888
950
7628
564
37
5642
6703
877
8336
5065
19
877
6979
5650
877
5787
3414
877
3320
9766
3358
2541
10183
5861
10183
10183
877
5054
2008
3320
564
2541
10183
8434
1107
9632
711
2061
5070
4857
1107
10097
10183
794
3528
7379
1107
3414
7363
3358
1107
1402
7703
877
6425
10176
8457
5650
4031
9766
10183
2008
8710
5176
8545
877
10183
3127
564
5886
9875
877
10183
6485
564
3185
4850
877
10183
2061
7047
7628
2714
10183
4566
5650
2111
3562
10069
10183
9802
6476
209
9261
4514
877
7628
2325
5650
1341
1928
4330
8832
4057
6658
877
10183
6703
866
8774
8173
10183
877
10183
6058
781
4
5480
8336
5856
6641
5176
1462
2741
5650
3126
877
877
6058
6485
7605
9048
2061
3358
4460
6703
877
5415
2960
877
5650
877
8097
2089
4903
3753
4309
564
10183
6396
564
3146
1972
6970
8188
10183
5650
2061
9875
37
9572
6658
1107
1107
10183
6703
3957
10183
5896
7201
7957
5650
5176
5624
6703
8188
1147
877
3232
9787
3127
8329
5650
6936
4809
877
1107
3624
3480
9514
5346
9445
9703
2941
3877
4064
4853
5065
8329
5915
5560
877
5161
3779
877
6703
8545
9875
1107
7628
10019
2008
10183
1107
1107
1972
2061
877
6979
8469
8329
6703
2834
348
1107
1107
9766
9572
564
1341
2818
6301
3185
564
5356
877
2059
2061
877
877
25
564
6037
3127
564
10183
7546
3780
3319
6058
1107
1107
3358
9787
877
7628
1107
877
8329
2061
6979
4670
9314
877
564
7619
877
4758
1950
10183
3127
564
3849
877
6155
5176
6408
3753
3358
9524
7356
12
10183
4631
9847
1824
564
6058
6703
5650
7446
1378
5480
1658
877
5730
7546
7660
6703
564
1107
9787
37
6055
564
4036
8545
5487
9802
6703
3714
7505
875
877
1009
5642
3528
3137
9719
877
10183
7356
6653
3127
3358
8329
877
10183
10183
7363
7697
4542
5047
7628
1107
2008
877
6342
9034
7628
564
6703
781
2299
877
5650
4349
6527
2363
3488
6058
10183
5033
10183
5650
5650
877
2742
3414
1462
9445
3528
3369
6979
1315
9664
1288
7843
564
4283
329
564
7053
6679
4546
877
6658
564
1107
7628
877
1107
1928
472
6703
10183
10183
8336
8545
1826
564
2061
3528
1972
5176
8832
9875
5065
37
1005
9505
3185
877
7328
1462
877
8329
877
877
4753
950
4709
5642
7713
877
6200
37
877
8329
8921
950
4753
124
877
564
9360
10183
2541
7047
2241
3358
950
3294
8260
7453
7505
6242
877
3069
877
5650
2541
877
8545
10110
1107
1378
2751
37
3127
1009
5006
877
877
3809
3389
877
2696
10183
877
2541
8616
5650
877
4825
6547
1066
7300
877
6703
8774
9440
1107
1885
877
7823
8336
877
3695
564
8545
3957
3764
6058
10183
1107
5176
6703
3528
7760
2782
1107
6155
2541
9875
451
6058
6979
1009
564
877
7268
5560
8329
1107
6658
2061
255
3753
6679
6058
877
8164
1655
6140
877
4611
2541
3185
3185
5650
877
8336
5650
4528
4753
7058
1107
5176
10183
6703
877
877
7047
4628
7891
6975
37
7628
1256
7016
1462
877
2758
877
877
1107
37
1972
794
4116
8832
877
3127
7446
299
877
2059
3358
877
7328
2363
4036
37
8545
877
7239
3358
9261
10183
4031
9247
6703
877
4840
5642
4693
389
1098
2061
37
4064
10183
5480
1655
2201
2059
6155
2290
7628
4022
1107
9335
877
6615
564
564
3540
9750
5650
8145
6140
7047
1462
877
10183
836
5216
2541
1320
877
10183
877
9121
8545
877
5215
877
377
255
2927
6703
5176
2353
5111
564
5650
6703
63
1320
877
5642
6572
6703
8710
877
10183
877
877
6703
8260
877
1655
877
2541
877
2078
6979
5915
2181
877
7083
5962
37
6058
877
718
6058
7760
10183
1867
2061
7724
9360
5480
5650
10183
2059
5642
2782
5915
7628
6703
7047
6703
6703
6703
7328
8329
2241
5650
5650
5787
10183
1107
4432
5354
877
877
1462
6979
5006
3528
3127
877
10183
1470
1972
6314
3496
877
877
794
10183
4283
9632
877
2008
6503
8006
877
6058
877
8329
5915
6703
9802
2086
9335
3370
9966
2363
7211
3255
10183
5650
877
7628
5642
7628
1256
9847
8336
7300
6703
8545
10183
129
4064
7628
2363
877
3488
37
950
877
8329
5047
4757
10183
7628
1107
6026
877
4131
1309
5642
10183
877
10211
8832
8545
473
9572
877
2541
564
5111
6703
3358
2008
877
37
4628
877
564
877
1655
5642
3528
7697
3562
6703
5480
877
10183
8979
6615
5915
4031
5650
1655
7557
5096
2061
877
877
2776
9766
1107
4010
6658
10183
10183
2941
9445
8336
3528
2541
877
3370
564
1309
877
9261
3888
348
646
6703
640
9787
7628
1107
1107
1341
2061
2346
2541
564
1139
4287
877
4242
877
5650
5480
1288
10183
910
10183
2363
2061
7628
1047
3127
8745
37
877
6979
6703
564
877
877
4517
9579
8391
877
2345
980
3488
4091
5730
877
564
1353
5480
9847
877
564
4242
1462
10201
4584
5176
8343
877
5915
877
8726
1107
5915
2027
5480
2027
877
5480
877
6485
5096
877
646
6703
1812
6058
877
10183
5650
4283
2714
877
877
1009
10183
877
5062
4242
25
877
472
4057
7458
877
4942
5047
510
2714
884
4584
2541
3780
8469
7605
7328
7902
5650
3779
2061
877
3185
877
1462
564
8486
510
853
507
7898
3957
10183
4566
10183
877
3779
1402
7546
6703
877
672
564
877
9161
10183
672
5650
877
877
877
6703
5047
2287
877
564
10183
3127
1107
877
9802
9766
7142
6440
5650
564
840
564
37
6732
8545
5176
5176
8336
7628
950
2834
564
910
877
3957
349
8329
3143
877
10183
877
7211
4773
7239
2541
4982
9567
7868
4619
6703
877
5650
6703
3185
3414
5217
5650
6703
8329
2465
5650
9787
9734
7628
7628
5923
5487
2222
6703
2903
7300
877
877
877
7839
564
877
1812
4903
877
10183
255
5560
877
5361
2660
10183
10129
4064
5650
4305
5070
7268
10183
9766
5054
5650
6703
10183
1107
877
6058
9261
5633
5915
2162
37
5501
4914
5896
949
5650
5650
877
9870
877
8292
6658
10073
5176
877
2061
2241
509
877
6001
5650
9972
877
37
5642
1462
4853
9558
7369
6058
6205
877
10183
2714
877
1107
1309
518
5650
10183
10183
1107
5560
794
5650
877
4242
10183
877
5176
2222
8329
2008
5070
877
5650
7957
3714
9207
10183
564
1938
4447
1309
2061
877
877
5176
7379
6230
3528
877
4619
7760
2363
5215
8545
10183
877
6314
9612
4850
5418
564
8164
4261
6653
3127
6058
1107
5642
10183
3779
4305
884
877
5991
10110
877
6653
6387
877
360
1107
4591
1309
8329
4064
37
8329
877
10211
5859
8329
4447
6058
5650
877
4903
877
2222
4064
10183
877
877
3704
1685
7628
1107
877
1107
7902
6703
840
1107
564
2061
3624
840
7083
10183
8774
5480
5650
4283
877
877
10183
2059
3488
2830
877
6001
3680
5650
7628
877
4611
9720
6058
10183
10146
3185
877
4283
9802
7008
877
672
10183
3825
10183
4131
3488
5176
9639
877
1309
10183
3937
1009
9335
6058
9623
1107
8810
3185
3185
2061
877
2541
5215
1009
877
877
3943
10183
10183
7047
5199
6503
8922
877
5176
2061
2222
877
877
9539
8551
8329
6658
877
37
877
564
2061
6658
5065
19
3127
5065
7701
6703
5915
8913
2008
10183
1315
9875
2541
877
1749
7363
5650
8329
3779
7300
7356
5070
8329
6242
4447
2002
2059
7713
8336
2334
1811
9623
8336
9539
877
5650
877
564
7628
5650
3127
8078
37
10183
9460
877
8108
3086
3779
8532
4627
5642
5111
4283
7363
877
5466
2941
6703
4619
5642
1107
7628
5487
877
8329
9247
564
1928
5361
2008
7628
1700
10183
37
840
6703
5070
8491
1824
10183
1025
877
5176
3739
1107
4393
4309
877
6962
2008
877
877
6889
5070
6703
1527
7855
10183
9927
3127
877
8604
6058
9439
877
3127
10073
8665
877
6703
877
564
5650
10183
3849
3185
5176
877
8164
3888
3947
877
3127
5296
3127
6498
2061
7628
9356
10183
2360
5650
2008
7713
877
1309
6058
877
4283
6975
7328
2541
877
8329
640
3358
9632
8260
8078
877
10183
2061
10183
9509
9261
877
9787
2061
3067
9261
7713
10183
3255
711
4036
877
564
8959
8921
4305
2008
5642
877
5176
2742
5487
5070
564
564
6703
4611
853
2623
8336
877
7628
10183
564
9445
209
5575
8336
5915
877
6679
3185
1410
564
37
10183
1719
1107
8329
1107
1107
877
5650
1719
9972
5215
8260
8329
1107
564
9503
1309
2363
5642
4305
9207
3255
3528
10183
9720
877
1462
8810
6979
6058
4283
6175
877
877
5120
6679
7619
640
87
564
5650
8329
255
8665
564
10183
9632
2541
877
877
1107
4857
2075
10154
6613
7713
877
10183
8329
5915
4528
877
5915
5215
2714
9572
564
877
877
6613
8545
877
1107
3185
4914
10183
10183
4283
7760
7363
877
877
2503
2222
1107
3185
2061
3100
3608
877
7363
877
1462
877
1107
2061
877
9261
1047
5070
8828
1276
2541
6703
5915
877
5176
3191
9797
1107
564
2201
4619
877
6889
255
564
950
877
9487
6975
8329
3185
5915
7016
7343
877
10183
4840
7628
8260
1107
7222
8832
877
37
6703
5047
5624
877
3239
877
4242
877
6979
4619
4249
877
10183
877
9766
884
8921
10183
877
877
3185
4840
877
5650
6979
37
3127
3127
5650
10183
9509
9787
10183
6400
5078
8329
6026
3480
877
3947
877
5480
5642
329
7605
2623
877
5915
2824
3294
5650
3127
2008
7363
3704
6026
10183
4566
7628
3412
5650
5304
7823
564
2541
1009
2162
877
564
37
877
564
5176
5923
5096
8001
10183
2034
9766
8745
853
877
877
8329
564
10183
37
2747
877
4057
527
3580
2061
9227
5650
9261
3127
1107
877
3309
877
2747
6703
389
7628
3127
10183
875
5346
9121
7086
7458
568
3947
2061
9567
877
564
2541
877
9802
5650
4611
3185
8336
949
5096
877
877
1047
877
7628
2325
9261
10154
564
5650
9330
4283
564
6703
7287
6230
5176
5234
9393
7855
564
3488
6962
9161
877
4393
5070
5886
877
6679
3376
564
10183
4709
1107
5650
9440
3320
3846
10183
6242
877
5650
877
7363
958
7870
1258
877
4927
37
10183
5947
2345
7628
5242
6242
877
4131
6703
37
8336
2436
1107
10183
2363
6096
6703
455
10183
564
9335
877
10183
4217
884
4198
5650
4
9567
8260
5176
6703
877
1256
1309
3127
8329
8336
3624
877
6595
10183
4797
877
7628
4853
4283
3185
4349
1107
8164
7628
1655
564
472
5176
3528
877
2061
5650
7328
5501
6703
5415
360
2008
7628
7628
10183
7628
5487
9439
6703
8108
877
7546
877
3866
3338
4773
4131
9766
564
877
640
877
8329
877
877
8164
3370
7628
5859
564
564
5650
4249
950
4064
5176
718
10129
9567
877
3127
2222
8646
1972
10183
3239
4566
2294
877
10183
6058
9747
510
8164
564
2100
1107
5650
1009
877
2541
7659
10183
472
877
7628
564
9972
1461
9503
8545
5480
8260
37
8329
10183
7713
877
37
3127
3528
9484
3358
5650
2747
564
1107
3127
9720
7628
7628
564
389
8336
2287
1107
877
5480
10183
2787
4283
564
5650
877
8329
3185
3528
875
4057
877
8001
1424
877
4606
877
10183
10069
877
2818
5650
9734
672
4022
5611
877
8545
877
6197
2325
2541
564
3846
8329
1462
5343
9261
6679
10183
877
9227
1107
9567
5915
8164
4566
1462
9378
877
877
4840
6658
3358
877
564
5949
1107
12
8336
4706
377
8336
1109
10183
1462
1465
877
5693
4566
37
9875
6476
877
10183
5070
5650
4054
2061
1107
527
2008
4927
10183
877
877
950
1950
2541
8745
564
877
5947
3714
6703
3185
2541
564
877
3488
10183
5650
9906
85
10183
877
8545
7016
9750
9261
5650
7713
672
877
1107
2061
3255
4566
10183
4566
1972
3086
3185
877
5070
877
840
5650
4242
5650
2818
8164
8336
9460
877
5650
877
1107
1107
1107
1885
6703
8545
6703
7713
6142
5650
1258
877
255
5650
877
8329
8329
7628
877
5650
3194
2559
877
877
840
1107
9766
10183
4305
2363
2747
8391
877
3127
2061
10183
853
10154
7605
5065
5466
877
1025
9503
877
7628
5000
2972
5134
640
1107
10183
3414
7723
10183
9445
10183
8774
8959
7047
7363
2888
4914
564
10183
2059
6703
5176
6572
4566
8959
9509
2363
10183
2637
884
877
4242
564
1788
5176
4283
2061
5915
3127
6058
4840
4528
6058
7458
5915
3185
6485
564
4283
5480
9766
1005
9880
10183
1309
6058
564
37
6712
877
5650
1047
9445
6703
999
7628
877
8329
9261
2436
1353
4753
4566
7166
877
505
5650
10183
564
1107
6703
2623
1107
3127
1392
1107
455
8078
7363
7312
7047
3488
866
10154
1423
950
877
877
877
877
7035
3308
3825
10183
5642
7760
4172
640
3928
6703
8336
9875
877
6058
7546
10183
4611
877
8164
877
10183
5787
3781
10235
877
7628
884
6155
1655
8260
5418
9734
4627
10183
840
10183
877
877
877
5215
3358
1462
840
5047
877
10183
6058
2061
5501
877
950
9632
8329
7065
4123
3695
10183
10183
5134
1943
564
10183
10146
564
1107
877
377
8329
6703
10183
4611
2259
2972
5915
8545
877
255
564
3982
1930
8260
564
2111
2222
877
4706
1107
5560
1378
5915
7628
877
3928
564
7328
5480
877
7458
10183
4709
4567
950
877
10183
3358
5642
5480
877
3849
8329
8610
8774
8120
5650
877
877
1258
7628
9763
2972
7760
10183
4942
9612
10129
1107
6142
877
10183
877
10183
5650
6242
3528
7628
877
4611
2061
730
3624
7628
4637
1107
6155
8738
5215
5650
4142
5650
25
3488
1462
5650
8006
877
8545
8329
7239
2008
8329
9445
564
3127
5986
7142
3528
877
690
877
4131
877
4198
2008
3624
5070
1462
2409
10183
4924
1107
877
8545
877
564
4198
9703
877
6703
781
1812
8329
2747
9787
8329
377
10183
3161
8173
2747
877
2353
9445
377
6679
6314
8665
10183
877
1009
2728
1811
5096
564
10183
5650
6058
2061
3370
2541
10183
9445
877
1740
1107
472
886
2034
877
6703
564
7628
10183
7628
3937
884
4709
6658
1107
3041
564
4753
10097
4198
877
877
8329
7628
877
877
4305
877
10183
5915
5480
2337
1972
7343
8325
877
564
7773
9503
564
3358
9623
37
2346
10183
6703
507
10183
5650
7908
877
2409
4769
5466
877
3086
2751
9936
7713
564
7515
5210
5915
877
877
877
1107
884
5535
7236
950
877
4283
877
5650
6142
1107
884
3338
10183
6033
2008
564
3779
7605
2541
6058
6058
5480
877
7363
1455
564
2714
877
7356
7792
2983
2758
5070
840
6658
8329
877
4242
5176
6200
7328
6502
5070
7268
1107
7660
9503
877
9766
5480
6992
877
8545
8336
5878
877
564
7628
10183
5915
1972
1356
877
37
1919
9875
6523
6703
5176
1462
1066
672
1107
564
1928
3849
877
1341
7016
877
640
37
2222
5650
1885
8710
10183
10183
6302
6703
877
3127
7660
958
564
877
877
4633
5619
877
6703
5176
3825
877
5480
3412
1107
877
6703
5176
5650
8164
1107
877
10183
564
4514
3528
6703
6703
2972
7628
3069
8001
10183
10183
10183
5787
5650
3185
1812
3695
1972
5650
9875
2061
877
10183
3781
8001
877
5962
4123
2070
877
5487
6703
8320
730
5650
9437
3528
10183
3194
2222
10183
877
10183
5650
564
950
4426
6959
1980
8774
8391
877
10183
2714
3528
3376
8329
564
9445
877
2834
4628
877
10183
9787
2645
9632
9972
672
2061
3916
884
9632
5650
877
877
5650
877
853
8329
5991
7843
2061
7713
6205
2747
10183
1462
877
6703
640
877
1107
5184
6485
10097
877
4709
8329
2818
9875
9335
1320
877
6058
2941
8434
5575
1928
5915
7393
6703
1107
9356
10183
9261
877
1811
7628
10183
2222
877
10201
7908
6058
481
877
877
10183
877
10183
10183
4198
8188
840
2728
6058
9360
10110
5642
564
10183
9797
9074
5296
3161
10154
8545
877
877
4283
6197
6980
37
877
6658
3488
4064
640
5120
7605
7628
877
9847
7628
10183
1005
9632
7363
3528
5070
6074
877
5713
1047
8097
2972
6703
3127
840
5176
1107
564
6387
4825
8173
1950
877
8968
1107
2061
2714
877
8329
10183
329
7628
877
884
7628
9720
8545
4487
3760
2059
7769
8260
4064
6058
10183
6703
8329
3488
2965
5449
5480
564
6370
209
6342
4605
8913
877
877
877
2325
7458
4116
877
564
6703
877
2888
5650
877
4820
8545
877
640
5480
5480
5466
8665
10097
9579
4857
7628
8164
3849
6387
7312
2363
2061
1462
3457
8194
6728
8329
7047
3488
7628
5642
10183
877
564
5650
7328
5693
3370
877
7628
10183
4555
10183
2061
3191
37
6703
877
5642
5217
6142
564
37
5650
3414
10183
3021
3957
9815
6001
877
10183
877
877
360
8336
3405
5487
877
5642
7902
9445
4566
5642
5642
2747
950
3185
5650
1465
3580
877
37
9936
527
9720
4606
8164
6058
9766
877
690
1220
5215
6314
9875
706
37
877
1811
10183
7628
877
9802
4853
9797
3808
5120
2222
3127
3381
5480
8336
9445
12
6658
877
877
5923
925
3021
9354
5096
6072
10183
8959
3320
5794
7343
10183
5650
877
8097
10183
5567
9567
564
8832
877
9445
877
2541
8532
37
5560
7343
5949
2061
6992
877
10183
7839
8650
5915
877
6058
1309
884
3760
877
568
877
4809
877
4628
949
10183
2061
877
6703
877
4546
5134
640
9875
10183
8329
6703
9632
7628
10183
6502
1107
7628
5194
877
7843
877
877
5176
9094
10237
6703
2782
6641
877
255
10183
10183
7628
10183
5650
255
7546
10183
877
9445
877
564
877
5030
4283
877
884
877
6703
5650
6703
6658
6975
1309
5501
877
5346
4241
640
5650
10097
7328
10097
1107
1655
8391
5176
4709
877
7458
4709
718
7083
947
7260
877
7855
7065
5642
5650
5480
7628
1462
5650
6703
3139
1005
2801
7142
640
4611
564
877
877
10183
877
5624
6980
9121
2181
3825
9632
4198
1462
7760
877
9632
3309
877
1826
10183
5915
877
8545
6970
12
2541
4305
840
4073
564
5650
6679
9335
6205
6703
7628
6703
7628
1107
6884
564
255
564
2235
877
6314
8545
564
564
7446
3677
9121
10183
950
4305
6096
10183
5650
9312
10183
8710
7628
2061
640
6526
877
3528
9314
10183
10183
4709
8774
6142
5215
7723
5217
3928
6696
7328
3088
7546
4933
4064
9766
9875
2941
10183
7363
3185
6961
6142
877
8329
8654
10183
5134
6703
6992
564
950
4198
6703
9719
507
5480
5480
37
781
10183
4611
6058
3320
5216
8164
7363
877
877
5986
877
9121
2154
2520
1527
5483
37
877
877
7291
3524
10183
840
564
3719
8738
2061
4283
1107
3639
9487
7628
6001
5161
6703
7773
6703
6058
3982
37
8329
1025
5176
5054
877
2747
8164
2008
877
9261
3185
877
6703
10183
6824
640
1462
9750
92
2696
8610
9972
6703
10183
6703
7760
6703
877
840
877
9787
1462
8164
4591
472
5650
5480
6557
9476
3273
1935
10183
877
877
8745
5078
5487
7713
9903
2061
640
10183
877
10183
5120
840
2222
4305
8329
877
10183
877
8164
840
7773
2222
2541
1107
9572
8810
7363
3185
877
781
1749
6476
877
7778
4528
4526
7628
10183
640
5480
3957
3358
37
37
1462
5915
9161
10183
6679
7628
4797
10183
9720
10183
8329
10183
877
1309
2061
564
8329
8336
5650
4172
877
4242
8329
5176
877
2541
8486
4106
8336
877
5480
2623
877
2061
5650
6096
3185
3528
640
4914
9632
7211
877
2222
840
10183
10183
884
10183
3888
3488
7713
3038
1462
6052
3677
10183
7300
10183
2941
10183
877
10183
9847
7291
8329
5915
7628
5915
1107
6058
389
3405
1107
2941
564
9740
5480
10235
10183
877
10183
10019
8336
6904
10183
5650
5650
2061
37
7628
877
877
9439
564
8979
2541
564
10183
7211
1107
3849
877
2541
377
877
3488
564
6658
5215
3127
9787
3358
9439
10183
5650
8650
5915
2541
877
7453
2818
6679
5650
7628
1107
640
9972
2785
950
564
564
3528
10183
9203
10183
5650
4611
877
7328
5176
10154
9460
877
10183
877
7546
877
877
6175
9639
6251
877
877
877
6851
5650
3639
2645
4116
1309
1107
255
877
10183
9972
10183
877
7661
4566
2111
7628
8713
7328
6703
7628
5650
603
8108
10183
8745
950
5650
8078
950
3753
6703
8173
5186
5304
2008
877
8329
2154
7628
877
255
2683
603
9763
4528
9787
7692
877
389
5650
7211
1826
4914
5480
564
9558
7047
4349
9632
6703
6703
246
7166
12
7008
6096
877
2541
2464
6703
1107
7312
2078
877
8320
7166
4528
4753
640
5650
2742
5650
2748
1462
1885
2541
877
129
5070
5713
7628
6001
2111
37
3528
4447
877
4825
7628
877
4773
999
877
6703
255
5650
1309
564
3185
7628
884
1107
2154
6703
5070
877
7760
877
5120
877
7628
5054
5642
6658
1309
8329
37
37
2747
1424
1107
5650
4203
564
10183
564
877
8336
8545
8665
37
4627
3965
780
5915
3914
10183
8173
884
877
3528
2061
877
6638
10183
8329
6370
564
4914
7628
7948
1107
2541
37
2835
877
564
877
877
25
9356
877
1107
5986
5356
3309
7628
840
5480
2008
5161
6485
1309
3127
564
1107
10183
37
564
2222
5047
3849
877
877
884
7628
246
877
5650
7628
4753
2541
564
877
877
877
877
1462
877
7035
9787
3431
3779
840
10183
37
4670
10183
8260
10183
781
7948
3849
877
8329
5480
564
5642
4426
6097
10183
877
8545
7760
3127
1107
2059
7628
10129
5035
4031
2541
877
5361
4131
3753
2623
527
3185
2008
7300
4198
37
877
5480
9719
3127
8336
4628
10183
2222
7446
6658
7628
5650
6641
4131
5915
9476
10183
3308
2294
1107
950
7016
875
877
2008
1107
5524
320
7328
1258
877
4305
877
4261
1107
1330
5650
6703
8329
1410
6658
10183
10183
9769
37
1928
711
1107
718
564
4753
2683
6523
6703
1812
5567
510
2662
3928
9720
1476
564
564
6058
8774
2541
6058
3185
6703
10183
564
6342
5217
2002
6703
10183
3255
877
10183
2061
7083
564
1107
877
7855
5501
877
7628
877
564
7713
9335
7628
564
840
8545
564
7957
5650
3414
3105
4706
884
5134
6679
877
6001
4261
8336
3041
255
877
37
1107
1462
2541
877
10183
1107
9335
877
877
37
794
6703
8665
8336
564
564
9503
10183
2078
3846
1938
7328
1356
3877
3320
564
6175
564
877
4619
5176
4627
5134
7628
4637
877
6979
2061
5176
877
1107
877
5633
9439
6058
4064
2941
37
3932
10183
1173
564
877
2294
10183
2363
5642
5215
255
564
4526
564
564
6979
4064
925
3069
9330
4631
5176
877
877
4914
10183
37
3846
37
10183
6058
4242
7047
3185
4142
10129
5650
7823
1107
877
3021
6703
3320
5650
8810
389
5038
877
877
950
6703
1107
8329
2137
2241
877
884
5650
7949
9503
6140
10183
5650
877
306
6703
5176
877
5242
3185
4203
2541
564
3358
7343
877
564
877
877
2059
564
2008
3414
5038
5070
3185
5480
7628
640
8329
2061
7328
2078
2559
9439
8145
8551
2685
5915
7628
4305
5650
2776
10183
877
564
10183
10183
8292
5176
6703
6242
2751
877
6569
8011
1972
3250
4283
7211
4820
877
9514
2061
2541
3185
3069
877
10183
6613
2983
209
640
877
7713
10183
877
5738
3943
37
255
6052
10183
3431
10183
472
10183
3021
7713
875
10183
877
564
6679
4840
3515
3528
877
4526
7300
877
4305
4305
4305
6961
564
4
877
564
1812
5949
877
9875
7713
2008
3143
12
