4490
2078
2121
8516
2881
4107
999
8502
3500
1526
7822
9048
3591
7689
6300
1582
4382
9826
938
4437
2543
1956
3567
1065
5661
3137
8445
8416
6969
408
684
9977
4063
5853
5882
9206
7866
8667
9452
8274
8075
4299
7969
6249
4778
4509
7520
4422
9430
1324
7763
10115
1343
3467
5257
5923
1743
8076
3943
2093
8462
2172
2777
4450
809
5784
9217
8667
580
4304
9427
8437
6695
7734
9988
7689
9732
2911
4168
8667
4985
1526
2018
5364
3320
9656
2911
6969
3056
4546
4354
480
9206
7689
4778
7104
7577
908
6859
1065
5109
1013
2962
8516
7686
757
3850
9119
2412
4469
580
4490
936
1402
9164
5477
6930
4422
5592
8413
757
2781
806
6882
26
2883
47
9226
8667
10047
433
2278
1322
5743
1912
8924
7585
3210
9048
8502
7520
4063
7600
1616
3223
10234
6706
5206
1602
8269
2378
4174
3861
327
338
8667
5671
4901
5539
7416
4985
8216
2813
408
5347
4283
2518
4796
8636
5306
3055
5364
3767
1669
445
1582
7686
2560
5455
9967
2260
616
9427
4047
6189
408
3614
1834
5749
1659
4803
2674
8667
2912
567
5609
1922
5743
8502
2498
3801
673
7358
8516
8636
3824
3850
7650
9395
6984
4422
8414
9206
6373
9054
2411
2656
9452
6624
3943
9050
7689
5650
8822
2760
433
5206
1912
8445
9769
9221
2912
1657
7689
3834
4063
580
7689
1526
6989
2944
938
8666
214
585
3450
1513
52
9434
8667
7705
5743
4445
1916
2003
10190
2560
1526
9848
7689
2121
6310
1513
4354
8216
5108
8667
8516
4985
9452
2518
1582
9732
7156
8216
338
7618
329
9848
5386
3200
3868
8454
1743
1916
3918
3989
7122
9627
982
1582
5009
9183
4450
8216
5650
2260
2018
4581
3388
4636
4494
3194
7799
3200
9427
7799
4593
8708
784
367
5650
4376
3767
5418
2656
7695
4444
1513
795
9290
4581
1859
5924
10209
1526
2758
4636
10048
10068
4783
5795
8274
9787
4947
7807
3989
7871
9010
466
8274
8667
8667
9427
8667
8674
8642
9977
2472
7653
2260
4985
5349
5496
9602
1849
2691
246
2883
7689
7370
9732
4951
8516
8906
8667
1513
8924
1878
4636
905
7189
3083
3660
8644
10151
3056
2172
8980
5721
6554
6476
3164
1482
5310
1443
6053
466
3953
1526
4672
4324
2674
3634
8090
12
8216
9188
7689
893
3400
4947
8642
2674
1743
3055
7686
5539
408
893
2027
6127
9054
7853
8445
8502
7303
2911
9361
9579
3500
74
1994
2704
7156
6523
2674
3371
4168
5743
4985
1859
4974
3079
616
2518
2945
6729
9054
8516
2656
5542
214
1324
408
8445
2489
1859
673
6775
8667
10234
1977
1774
6712
4914
7653
8441
7499
10050
7934
2819
9732
580
2758
329
2473
4378
1526
9973
7687
7328
9124
1602
4985
4985
9924
3006
4299
1916
7913
3147
2247
3953
9732
466
7653
9427
9656
893
9452
877
2489
3824
2244
9427
2434
10048
5810
9042
8636
7122
4504
6882
3922
1526
9501
7525
9427
5923
4796
6930
1225
3278
806
8269
57
796
4717
3763
3353
4717
9732
2839
2580
8216
6829
1326
6884
3223
8416
2883
7857
4717
2912
2911
5650
8140
5822
7813
5592
4717
8667
949
8274
1582
123
4216
7689
9183
6367
1602
2104
2082
7054
971
6406
1526
9732
1526
5882
1587
5663
8516
5609
9054
9670
8674
8596
854
1616
10103
1526
8685
7934
4985
214
8471
26
757
8216
4546
1013
3720
2498
7260
72
1630
5227
3431
6960
9452
809
9054
433
7256
6236
8822
4717
8334
8140
7376
2370
1508
1859
9113
8584
8809
8432
2260
5496
7736
4422
3834
6497
6386
4507
9848
4208
9427
3288
4803
8667
3486
7686
1859
5743
8274
4378
4490
1745
9148
6960
5721
3352
9430
6010
8667
4354
8667
2328
4901
3802
1641
1526
4778
5609
9148
8972
7650
504
2944
8502
7913
8667
7689
8636
5749
7556
5758
1532
4717
7312
7575
6445
226
3109
7100
8571
6780
8445
8416
9206
2760
5758
4528
7799
2400
1602
7689
2883
9221
6678
1868
1526
1916
8216
4768
6884
5177
3970
4717
8924
7228
4914
4422
4751
6298
26
1941
7636
7736
5758
9324
9054
571
2434
306
1774
8867
5672
4422
5487
616
9188
8216
3388
4216
434
8667
8729
8416
4778
8906
4450
7689
8445
3278
9977
5924
4293
8667
5293
445
8571
1757
1916
5924
6435
6189
4494
1526
408
7104
2412
8724
1703
9288
1033
10066
8216
1913
2681
7104
9690
2549
8709
4308
7156
10065
3288
2944
7686
2652
8844
4476
3614
3288
4953
3283
8667
6077
8822
5743
5810
26
1641
6150
9198
9732
2260
3054
9217
5671
9967
5473
2883
7636
4796
464
1602
8667
7890
3371
2941
2776
5282
8234
214
8416
1582
5206
1859
9033
4921
5592
2965
8666
4974
7293
7686
9704
57
990
7104
5822
8667
4374
4921
6261
8667
3895
7686
7048
9924
1582
7689
8502
8667
7575
214
3422
4617
7623
3746
3040
5584
8216
4107
585
3124
3079
10234
5924
7615
9
396
5875
8846
6261
4382
673
1941
2518
3767
3147
4047
3094
7814
10086
5000
7048
2965
466
1602
4450
9427
8441
2121
5609
1526
4422
2839
6445
2962
464
1508
7686
9517
1526
3746
4107
9656
1526
3056
1659
5125
9430
3210
1829
4054
4617
7799
3320
903
9054
9330
8724
8572
327
7358
9732
8516
5418
9670
9217
3075
4984
6448
4285
757
2651
9164
9096
9732
6298
673
3283
327
8071
408
1526
9054
4088
5388
8216
7814
2658
9732
7411
982
6445
4437
4751
8321
5306
4601
8172
877
4490
464
7001
999
3206
3079
6527
4985
9782
7689
3989
6685
8269
8462
6497
8666
2674
3288
1076
1526
3777
5743
3467
4494
6554
8667
4985
7968
7689
6448
7686
123
8667
308
3278
3512
9977
52
8906
9183
9148
4069
8269
9427
4422
7689
567
5924
1225
4285
6678
7778
949
7156
10099
1043
433
1859
7376
1526
2018
9430
7442
6706
7615
8216
4974
9294
4063
3899
4644
4168
3853
4494
308
2328
8667
1343
5721
8724
8269
688
7934
408
1913
4225
7934
8333
7575
9804
2839
8502
9732
4277
784
1043
1060
2674
4422
5446
8809
345
338
5592
3193
4546
9452
6878
838
9430
1042
390
396
4354
466
9861
9188
52
4283
5940
6427
9124
2172
4806
4951
3512
176
1526
8248
8516
8898
7577
1513
4672
2201
5293
3922
6020
4803
8924
1261
9427
4054
3754
1526
9288
7520
2400
2944
9427
5749
4002
7686
9033
4092
4806
2462
2093
6510
10234
1526
5393
982
9924
6695
7686
1587
7686
7686
8516
4490
9599
4324
8729
9848
3588
8734
9732
4636
9427
3824
7744
982
4241
9198
466
6523
3400
2757
9103
9891
3899
8172
7689
1657
2543
3827
293
9704
6497
8445
3638
6795
8667
7442
3353
6101
5393
580
3497
585
8584
2580
7686
2944
9182
3353
2549
8667
5749
1043
6712
4576
4476
8216
7799
4422
2027
2607
3767
6298
8216
9732
7686
903
9646
8667
5990
5592
9042
9651
1513
4985
9048
4504
8667
7093
10143
3767
9217
8667
9732
2176
9967
4636
938
1743
1912
1859
2883
9324
4947
10063
2674
3784
6476
8667
4553
3400
3959
1868
1526
3103
1859
5749
6527
7975
6310
8667
8224
507
6878
9655
4915
8416
4469
4921
9054
3400
1532
2781
8269
8213
8685
3352
990
5875
6554
3588
1526
2093
4951
3006
7520
10159
9288
9627
3288
7054
6468
9183
9634
8666
293
7048
1508
1513
3103
4639
9189
9656
4901
7520
176
3614
8416
5479
5449
1518
673
293
8667
4617
433
10151
8462
908
9294
5300
7577
8516
7174
4717
6487
7621
937
877
7156
8667
2560
7122
1034
9452
1836
507
8437
7778
7689
10234
4643
10000
8822
8416
3087
6624
9782
8216
4444
6469
6123
8416
7687
433
7636
4180
5282
8704
8072
504
9915
1713
2964
6950
9027
7687
308
1322
9769
8297
7376
8341
4737
4947
8924
7871
334
2338
701
8666
745
9804
6150
1043
10164
1916
5246
3094
7301
5687
6468
4216
1526
6523
9180
8273
2607
796
3512
1526
2851
6631
9846
6780
5227
9109
8216
5584
3353
1526
5539
7585
5589
5924
6476
8445
6127
3123
7301
784
3164
5294
8924
8667
8216
8273
4985
8704
9846
7822
4376
4572
1774
7934
2962
7146
7525
5548
2328
1657
5822
9330
1033
3371
1136
7866
8846
4471
7736
9027
8502
8666
580
854
8502
8667
4915
6107
8667
9666
6523
5352
4293
1941
1912
7975
52
7499
8090
1513
8675
854
8667
4083
8224
479
9775
4947
6470
9662
796
8729
4059
2072
8216
5720
1774
3079
2883
6445
9924
2877
1237
4490
1859
214
9294
6487
5882
1526
5081
8709
8709
1397
5924
9459
10209
1859
9054
7189
12
2462
4947
4852
5758
8437
4174
2462
5940
1343
1916
6150
9924
1878
7689
1859
507
9
523
315
9
7686
7689
3943
4174
3918
3348
893
1526
3746
9180
8516
74
5548
5674
4386
293
7156
1657
7744
214
753
1912
7934
10011
4285
5446
4884
9651
8648
329
1526
7036
6739
2489
4422
9697
3553
5969
504
3194
2580
4445
4985
4985
5141
3899
8724
308
2411
701
6332
8445
7156
1526
9434
4422
10099
9054
7689
2176
9602
7887
72
8980
3827
4422
6884
1161
2078
2518
9732
4324
1641
113
3006
2693
9217
312
7799
4672
10011
4947
1526
7934
9294
6367
1912
3614
1526
4921
1315
8502
7689
8667
6077
9732
5312
9909
1526
1868
4376
7656
4991
7799
10103
1526
6189
5663
8667
8471
1703
9452
253
4494
5418
8667
4984
9427
7689
9183
3777
616
4601
2658
3597
8164
8216
4636
6469
338
1453
8248
9955
6010
8788
8708
7215
1757
2883
2172
6468
1630
4422
2964
9226
5882
9775
2543
1508
2819
9226
4308
3802
1154
7890
4422
1526
9039
6445
6476
408
7871
1243
8704
8447
7689
9206
7156
5720
5496
9924
4884
3200
4445
1834
1602
329
4112
1474
9054
2434
4476
2082
6780
2525
9288
9054
9048
6070
4636
2549
3388
8149
8429
8809
8149
8437
2962
3512
6795
10065
571
9732
6070
5743
5257
3351
3989
7525
4617
8636
37
9662
4436
4947
2161
3124
1868
5663
3075
8667
3278
9611
8666
10209
6884
9027
2758
6853
8709
1243
3899
8667
2525
9669
7799
10115
4617
8667
4580
8704
5326
1188
5671
1065
2674
9884
6624
6470
4803
3388
8667
6386
2944
4382
9846
4376
1859
10151
795
4985
8416
7763
8269
6295
3943
4553
5663
6375
5487
7156
1641
7156
9430
3989
8445
4490
3989
7577
4063
7228
10151
9124
2674
3638
2877
4168
5293
8502
784
8704
9183
5449
8636
482
8090
9288
1243
8729
9967
8216
8216
7867
9973
5265
6872
8667
291
4047
7689
1526
466
4494
1532
6960
7799
6448
8269
1154
8667
8667
5810
7768
8825
3853
1526
8502
8502
1582
9114
4422
4174
3911
2883
4991
9183
5882
52
7689
7499
838
4617
10099
4914
6261
214
345
8667
315
3200
4593
3400
4796
5853
7934
571
8441
8667
9033
6236
567
5312
9953
8924
6667
1526
123
8667
745
3597
1859
8437
5882
2625
8924
8216
1774
1034
4947
905
8805
7477
3087
4921
2462
8090
5797
1849
3103
752
9430
4283
4576
4717
8332
4092
5300
8704
9330
9452
8572
3486
8076
2518
7857
3853
1559
2121
1526
8216
8667
3320
6445
4308
4617
3006
9091
52
1243
5720
5749
838
523
6972
8005
10172
8437
10065
4444
5650
4394
1829
1718
8572
7969
1986
1587
7689
2278
1788
4778
408
7376
9953
9133
8416
5875
9198
9096
1526
571
8319
2681
5980
1912
8667
1315
982
8667
9651
5108
7689
5778
1262
1743
2674
214
247
908
8462
2674
7636
6367
6077
1744
6020
8274
7689
52
1868
9846
4285
8667
8274
3567
2684
4293
8076
547
4546
4984
3853
5917
1526
4422
4422
8502
9888
6930
1829
4382
4490
8844
3638
8667
7122
4947
7814
4985
2058
9027
8332
4953
5548
9846
5720
1526
2003
8140
507
408
1778
1060
5225
6884
1630
2945
8729
2244
7156
4751
8666
8980
3060
5177
7577
3614
5300
4277
9054
4422
1994
1033
5990
5750
2260
72
9183
949
8471
8445
8416
4617
7969
2941
1482
4422
52
8216
949
8924
7001
5347
4054
3853
6527
8319
8809
1956
4576
5050
6523
5141
5212
5758
3989
9656
10048
1526
6497
4624
3853
1774
8825
2003
8667
1526
10103
2543
1526
9054
7228
3943
684
7104
3684
5969
8924
8445
5592
8667
1941
7689
4275
273
2201
1602
1559
3486
8906
4985
7131
8216
94
4618
7636
5674
8216
1013
5589
7080
7862
4180
7156
8189
8416
784
2883
8471
7228
9114
2693
7048
5822
8334
4059
1912
2674
8809
1526
9787
6767
9655
3834
8216
753
4304
5312
1859
2625
5312
8596
4639
1745
8636
8667
3767
6435
3638
8924
5141
4382
7636
8216
8924
2019
327
4990
2883
4283
8667
6984
5009
530
2328
6150
7104
7412
4636
752
9846
9183
936
8667
9888
8416
1526
3124
6476
9812
688
4382
1868
1912
8216
8972
214
390
9732
6742
8213
4985
7686
214
3989
9054
8667
9430
3123
7968
1343
3943
2877
7686
580
6295
7174
2964
8451
52
2776
2964
3352
1922
6554
9978
2589
3767
4422
9188
8729
6872
4985
3079
1859
1065
10172
4546
466
4947
113
4546
2691
6328
967
7763
8667
6960
7256
8667
3989
9732
3943
9427
6706
2518
9427
9324
4422
9842
9861
7615
9359
5246
9997
8462
4717
4248
7131
8416
3777
8667
390
6150
8216
3210
4088
5496
8667
9434
7686
408
9656
214
1587
8426
408
7301
7575
7686
5833
9096
1237
2674
8414
7799
9324
9054
6357
3824
8437
9846
5987
9977
1526
1743
7689
5917
8429
7577
3422
8906
4992
9206
9359
3638
1154
7189
9924
9054
9054
4376
8516
8924
8667
5584
8788
9517
908
854
2328
3777
8516
5352
795
2489
2244
10159
967
57
37
5227
8471
3200
1526
2489
327
3784
745
8471
8596
5918
4636
4974
3679
4374
4059
7104
8516
5990
8269
4985
8667
4299
3289
8164
7256
5444
8216
9655
8625
4476
2201
5244
6352
7100
8724
52
1237
7499
8667
9164
6150
8636
253
6928
4264
4422
5449
10011
2684
982
1943
466
673
7686
10234
8924
1065
9611
7185
9180
4422
10059
8224
9553
2027
4947
7416
585
4308
2851
8667
3754
3486
214
6497
5928
9427
7520
3137
7118
8445
8825
4639
8980
9452
2176
5294
8516
1602
854
4617
2944
6789
5312
3876
466
1526
9294
6989
7118
6032
4992
9732
226
7156
4992
7862
8216
9039
8447
784
9732
4083
3734
1721
7689
9226
7104
7256
400
9268
9977
3352
8413
8575
905
5227
8224
10159
9452
52
8445
1587
1757
2674
3868
4737
7934
5762
273
4283
8502
9407
6010
2674
329
2411
327
10011
6950
971
9427
2883
9054
6678
5388
1849
5257
7695
580
327
5663
2411
893
1508
3686
6357
1685
4445
9010
8667
1774
466
3767
2674
2944
688
5294
4180
1913
3614
9039
1718
2883
4283
6960
3223
293
2883
4947
1225
9226
7480
2501
1042
6295
4382
7799
8685
3896
8667
9736
10209
2912
504
5924
4143
1757
9977
8269
7442
8734
1136
2411
327
2278
4580
2161
2883
4068
2883
4436
8584
2625
3777
1630
5108
9206
480
2684
8667
2589
8675
8674
1526
752
327
9183
3911
9427
7370
9973
5487
8667
4445
7689
8729
5000
1526
4016
4374
7328
9826
7975
9846
5743
8164
2964
8243
1630
6020
5312
4285
4092
8667
7618
7623
1180
982
4947
8091
9148
7814
7813
9988
8269
7062
4187
5671
1261
7934
7585
8224
1834
8432
6375
2335
10013
6249
4059
784
6989
8216
308
2883
4174
567
6189
8432
2104
6476
1868
8724
3079
8596
2058
400
6373
2683
6127
5924
1916
6435
9459
4143
6150
4187
8584
3569
3868
5584
4490
8297
8437
9148
1630
8667
9732
6667
7768
8583
1734
52
6960
9732
1343
5924
4581
5853
8675
949
7689
4796
1526
3850
4361
5312
9732
2883
3895
1859
3079
26
8075
806
5446
4985
8273
796
10209
7689
408
8215
507
3953
7822
1630
2518
7860
4422
8172
2260
6523
6950
7689
1703
8667
3746
8071
7653
6950
10226
5799
1532
7577
3288
8667
9430
2657
8216
1526
8216
7520
8924
7303
6712
5009
4450
2883
4947
10151
4422
9288
2644
1243
3288
5597
5306
10050
6189
4374
3283
3853
3371
8709
877
1033
9377
367
745
9533
4490
7174
8667
1526
2278
408
8709
7293
7156
2883
3614
784
1834
8216
1641
1034
3431
7520
6497
5623
1034
10209
9782
7799
226
52
3876
5609
708
3063
8667
5352
327
784
2944
8846
2121
1986
2758
2498
8164
5875
9410
9716
5326
4299
6624
1526
1526
9787
9206
5347
4778
2328
2674
6972
2819
5108
893
6427
5294
10190
9967
8906
9189
1526
8724
2121
6523
9891
9977
6497
4617
4283
809
463
1397
9846
8667
8437
6411
8445
2328
4643
4580
6878
8667
3371
4016
9430
8243
9599
8666
8709
8516
8625
7638
1602
1225
4437
7303
3895
903
6739
8321
2674
8572
7636
8516
5021
8471
752
52
4469
4354
1582
7260
57
3856
899
9452
9967
4618
745
8667
1582
3103
7934
5141
4054
1718
1587
9769
2944
4803
6950
3288
6352
4672
3899
308
10209
10151
5141
1526
7799
5310
9560
7520
7686
8340
7556
809
9198
8709
7689
1513
6310
8445
2944
7969
5300
4016
7093
4422
7474
523
7442
6310
2657
5799
6435
9361
4225
2260
8071
2607
1526
9579
9359
3899
7653
6554
4947
6510
9054
7085
9599
6375
1703
9427
7913
464
6448
4593
9924
784
4553
7638
5294
8224
1343
5990
2543
5021
4476
7577
2758
7156
2883
8846
3075
2674
1034
4283
123
6032
6984
784
9716
9113
2658
2883
7686
1513
6523
74
6638
4509
8924
1576
8437
3210
4376
3824
2082
5444
2244
2412
6960
4422
10159
9452
4690
8437
949
7686
3734
334
806
408
1513
3989
6470
5383
8216
6150
8429
7689
9427
3638
7156
3856
2674
3103
1526
7156
1685
4471
982
214
7638
1943
1602
247
8667
854
3872
5109
2964
6448
7036
9379
338
8667
2161
9182
5720
971
5597
214
6926
8724
8516
1526
2260
2674
7189
1526
7934
7303
9361
7054
507
838
7318
5810
8216
8216
1261
8333
5623
2321
3012
9113
4717
3206
2776
3431
1630
3827
3123
2656
6032
3497
5687
6497
3288
7618
893
8437
5347
6523
8321
9188
5584
4921
7100
8667
8666
7301
7689
1916
6780
7416
8269
6989
7318
9427
5212
3137
3060
8216
6295
3614
2781
784
10234
7430
8234
52
2691
8575
5386
4644
2877
7934
2945
5347
1836
838
3079
7799
1513
5845
10011
6624
7156
1703
6435
5650
1721
2472
523
7054
6445
3766
3083
1868
390
9330
306
2674
8426
10000
9804
8416
7636
7174
8516
3055
3109
580
4706
4386
2093
753
3943
908
6300
6497
6445
74
796
8416
7689
464
7185
7156
445
8667
7968
3022
1774
2965
1526
5251
3899
52
7474
5141
3686
10151
2104
8667
10059
2625
8709
4386
1745
4386
5251
9804
8273
9430
5987
3320
2674
3614
4422
4546
7146
7477
3899
9664
214
2019
214
1526
7686
7686
8906
7146
7689
4624
4737
1916
9010
2260
2260
293
2883
1582
8667
7922
2883
7686
3400
10103
6510
306
9430
3614
2501
5609
8454
4376
5609
4450
4639
6706
7228
7656
7293
4069
8709
3181
5206
3431
8090
8216
8216
8216
6487
1657
4422
7284
2473
1526
9359
3591
10103
5487
8437
1986
2501
5609
214
8906
1713
4984
5212
3431
5750
8667
9848
5479
9627
5349
6523
1630
752
338
6020
1065
5141
1587
3124
9553
7062
8667
7968
9054
2883
4376
3853
6310
8844
4123
6795
7689
1042
9910
10066
3720
5784
7085
4692
8273
507
5387
5109
4393
5784
8906
10164
6685
7054
1526
6989
293
6150
8844
7215
1994
8708
8172
4778
214
7376
5758
7156
7358
8667
8297
8667
1136
4422
2258
8924
8216
2811
57
9198
10011
8636
8809
466
6624
9977
4422
9669
8454
854
3352
571
9217
4016
5473
8416
4528
5743
9048
8724
9732
482
400
2400
1859
9180
1849
8161
5923
8897
6527
4915
1849
8445
4636
1526
7686
3820
8216
9891
3569
7686
3569
8319
5479
7689
9646
4437
1689
2776
982
8666
2370
8445
3079
10172
7689
5527
4422
4444
3200
3827
9
9
7686
329
936
4069
1630
8445
9732
10099
4778
5721
247
2674
4751
2501
6989
9732
7256
8416
1836
5388
1526
445
8667
8076
3353
1237
1703
291
9226
523
4386
4617
8216
6815
1576
226
908
9973
2378
2877
6386
7763
4644
585
8924
5496
7075
8924
9452
1453
3597
7689
1743
7968
9427
6487
4490
293
8502
2400
3278
7085
5650
7763
3943
5924
1065
5388
7822
278
4915
1689
4445
1849
434
9183
6972
10151
1326
4059
7636
7104
9113
7370
7689
2400
4507
4047
8140
530
1526
8667
9953
1453
4922
784
4248
1757
6780
5940
6989
8809
9910
7686
7122
9656
7001
1630
7866
4528
8584
1465
9732
52
3989
5721
3746
3353
7156
8334
10050
6729
2881
6448
9609
5720
10011
3943
7689
5924
8924
6960
9198
4376
6859
2525
3283
1589
1582
1582
4445
10099
1589
10226
9967
9655
9359
3320
3388
8667
9560
8437
2072
6469
6101
8216
7656
3545
9736
8451
9553
2093
2525
745
8072
8164
1532
7689
8675
7734
1859
2498
5449
507
6962
6373
7653
2589
5310
52
6202
2244
2945
4450
3353
8216
6053
2883
5177
7369
6633
2883
7104
72
6065
8667
8429
1526
4546
9732
9848
908
6510
504
2883
9452
893
2378
8334
9377
8625
3614
4016
1526
8667
8636
5609
3861
6527
4445
9848
2607
5418
8867
8216
9330
2260
9430
6357
1916
2674
9846
6960
10209
1868
4445
4974
6150
6150
4985
113
9553
3769
3740
8216
7284
2260
4494
5671
7922
7256
4778
3079
5584
9324
4644
1065
507
8709
2338
3686
4985
7934
8248
8636
3431
8321
9967
5671
8175
6258
1443
3918
7480
8502
9977
8516
3012
7156
9988
4293
3352
8273
3614
523
6070
3918
8667
214
6032
1587
2674
1986
8165
1526
3767
8441
5749
3872
4546
4990
1774
3467
3943
9288
52
10172
1034
9452
1453
2813
5980
4450
4024
7689
4576
9452
7563
4884
8965
571
9113
4796
1713
5650
5347
2187
1986
2883
466
9452
2518
8667
5306
8924
2260
2378
1659
2883
4717
9188
8667
3763
8636
2656
7080
8301
7799
8965
308
4778
3872
688
8642
312
3103
616
5721
338
7106
1582
9973
4304
293
9114
10068
10226
9324
8332
9656
7499
8071
8445
3079
9732
1602
6739
6989
6729
5393
4063
8516
1943
8334
6448
2674
6930
8516
5282
7118
7689
8734
7499
7975
10011
2518
2338
3278
4576
308
1033
8341
3876
5810
52
3528
8667
3388
1774
5917
9180
8805
5969
4985
5923
3223
2674
8732
9656
3686
9848
3094
3079
5822
9967
877
4974
9669
52
5597
7934
7975
8667
9050
3989
214
8846
3725
4803
4546
8269
7520
4376
1526
9732
8216
7525
9669
6695
7650
3289
3614
9846
9924
9891
9054
2560
8667
8667
8906
1188
8729
4386
10063
7867
1994
8437
5444
5969
9634
4593
2335
3063
626
5108
9977
10209
8416
7585
7689
214
2187
6487
7934
4947
8269
1916
9379
3103
4324
6448
10143
10050
214
5833
4376
3055
6969
8631
9164
5882
4225
4354
7104
6375
1743
7686
3063
507
5347
9114
7686
9666
8709
6123
6739
2518
9048
9704
9198
8471
7156
8575
8667
9842
5477
8900
701
7370
4692
6729
2704
10209
4576
3181
1587
4016
9848
7480
8575
9119
1513
4884
9182
8269
2967
3320
5822
6678
4270
6010
8161
7689
479
5539
2883
9812
8234
4490
3193
4796
7686
4490
7866
7048
3989
908
5592
3288
4507
6780
3040
2964
5282
7091
9452
939
8161
6487
9427
6645
2244
6638
3899
8140
8906
8416
2172
507
9288
4299
7284
4386
9997
8273
8667
9846
8724
2683
3286
9782
9288
8636
8082
3970
5810
6739
745
4806
4546
4304
3767
4199
3083
1508
2945
3200
3422
9977
990
2027
2674
2525
7104
1630
5282
8451
5449
2161
7934
1630
9782
1526
3660
5924
1225
5455
8667
9054
4422
982
3278
8906
1868
4361
9846
2691
2018
9054
3022
4143
7369
1315
2472
2165
9359
8965
5720
2244
8437
6010
2489
5674
8716
6960
4422
1041
4187
2883
1526
9732
5687
9846
8445
8667
9732
445
8516
9732
1994
9427
1630
6032
7621
1526
214
