963
9708
2542
8871
2064
10016
4615
8381
6121
4902
6526
6405
7834
7646
1102
8528
4149
3586
9040
3141
10000
2174
5600
8433
87
2259
7163
5927
4164
10163
2671
1057
2897
9903
55
8939
2080
1747
1702
6268
5399
3563
7684
3422
557
1432
8855
10162
9547
8216
8909
7344
5964
2679
9260
3515
4279
7085
6667
2149
2663
4767
3519
3462
5029
4791
1663
107
1737
2195
8370
2178
7611
2354
7119
611
2012
7112
8230
9362
6607
4963
153
2502
6833
6451
8038
429
7320
9944
4566
6110
4737
6334
3290
1254
2048
7654
639
8975
8775
7832
4555
8655
3268
9066
1198
5139
9957
77
9735
9815
10173
939
9647
5893
3568
4222
4765
9868
8177
2725
7371
43
5784
9078
9189
5778
9212
8266
2398
6399
6243
5395
7637
4204
7846
3507
5364
7968
4444
4822
6530
5936
625
1500
740
4989
8565
7086
1669
2109
6036
2051
672
320
993
10191
7355
3288
6160
2922
7476
2190
3170
6753
1745
9660
9457
6535
4077
2454
7751
5892
9073
8089
4553
9000
2416
1436
9969
5073
4782
2927
2242
6978
9528
8193
9116
5100
1873
2002
1200
3522
4247
2715
1632
5990
10160
8875
9355
4745
8884
8194
5745
894
4269
28
9395
8431
8087
5562
6254
5940
4241
521
2983
3535
9936
1008
6606
4810
8056
7550
2726
4599
4732
6434
1879
7658
7869
1350
7458
9079
9143
3895
8142
9992
8556
1885
8482
2186
3812
7533
4871
4200
10140
5039
2688
4675
266
498
7535
3992
4559
6678
4691
3029
684
5003
4301
419
5300
8560
4118
3577
9536
6274
3991
16
4546
7457
40
6090
65
7653
5273
777
8929
7212
10120
6501
8695
7619
928
9671
3216
8014
2847
7023
312
2800
105
370
1160
657
8282
6574
4582
9604
7257
5693
9374
9284
8947
1090
3726
1099
2234
3594
3495
9165
205
9724
9
2982
8925
9636
1726
2430
6781
4590
2559
7114
888
3458
10074
5325
6303
4653
8218
9155
9963
4880
8705
9224
7866
1972
10155
6809
2669
861
9608
3451
2652
4613
1878
5966
10068
8199
3900
7061
8267
7404
1466
8537
7771
3789
3936
1619
4483
3258
5126
3543
5167
9285
1827
132
886
603
1197
5453
3431
1908
5647
3229
8312
2241
2143
8253
9545
2103
5158
9554
7521
1265
236
8534
5585
1838
3758
4214
4220
5759
3858
9231
10164
9489
4070
703
8773
10139
3527
1944
1419
5242
5103
3954
2004
9262
1124
8163
726
7759
4305
1509
9243
3392
9853
1040
7182
5206
3806
7578
180
8530
4803
4461
4199
5462
317
4123
1058
5549
5150
8162
1594
3794
5989
1364
5488
2510
9913
1421
2530
5898
5425
6723
3043
9181
9203
6398
1676
6465
7439
10183
872
6487
9354
8145
8269
1217
3625
8787
297
833
5607
5965
1605
798
2543
3808
127
8719
1239
1334
7055
168
9009
5222
4946
9972
3047
2966
5633
10148
9734
207
1257
5609
9332
4932
4655
5774
9986
1206
3155
7805
4193
1064
4098
4722
10104
4258
4154
4289
8854
1799
344
552
9257
255
843
3523
4887
9684
8924
1079
7363
1934
3683
10169
6422
7297
7864
8387
5740
9842
5400
4315
8853
10212
7941
7366
656
8516
750
3135
828
7129
9503
5128
2828
6427
9657
3360
5311
3978
2699
6631
1494
3569
14
3115
5095
8213
4476
9690
9788
10101
8665
9658
6080
730
1678
3399
9524
5262
7565
3684
8949
8818
1084
6359
2286
6148
5266
991
10172
6114
3920
2936
3855
6605
6471
3780
3243
5382
9702
6150
1985
9216
7531
5685
4290
6646
2850
7354
112
2950
9004
2263
6055
1857
2356
6337
1428
4645
8420
1858
5173
3077
4453
5287
6702
3266
3103
7381
7551
2122
2819
2713
1472
9829
8882
8517
8343
5254
574
8149
331
5996
2373
9669
421
3338
22
5015
2691
319
8004
1798
9921
3323
394
9942
1408
8844
1
9893
3433
5667
8036
170
8979
4816
7275
8955
5141
5427
7564
9221
5850
4608
3211
7943
3624
1882
4043
3445
8295
759
1030
3654
8804
2868
3277
3473
7661
2252
9445
8477
4416
769
4908
3968
4978
5405
1457
531
1602
4337
4319
3312
948
2469
7295
4348
9883
8416
7957
9619
8930
7519
1980
248
425
1540
2150
2092
4681
342
3988
7910
4014
8125
3736
7456
5203
4939
5013
9112
3989
5487
3215
3709
4150
7131
2996
2849
6477
6005
10084
3385
9570
906
4201
6931
1180
7799
278
10192
8956
6017
4933
5508
6988
3560
7225
2472
8805
2560
8789
4532
9053
945
5201
3308
3284
2738
6008
3148
2613
6269
6740
692
8677
5907
2363
1672
2079
1844
5891
6541
1524
214
3869
9470
6903
8224
6771
5871
7939
2280
4380
3970
1139
433
4451
1266
2099
5978
8346
8290
4346
551
1659
7215
5132
1038
3821
3315
5830
4604
4979
7976
5472
114
5102
8944
1654
5906
1913
5696
5751
2144
943
986
2953
37
7762
7593
5563
7760
6112
7304
348
4093
1821
6394
430
3847
2059
1308
1347
8019
5523
1624
9621
9540
7005
5958
3620
1061
313
9396
4772
636
2792
3650
2236
6138
1261
9897
1591
2809
4407
5848
934
8340
7481
3013
8068
8820
7683
9326
4428
8846
1905
2153
2238
4264
9267
3579
5127
8079
9968
8247
4065
1519
5904
8807
8023
882
3286
9709
9598
1807
7951
7745
5875
10031
6242
1810
1437
8954
6700
2360
8499
9965
5710
3449
8771
6004
4096
3961
5984
491
9083
1801
4899
7958
2392
9320
8169
2943
6037
3112
7674
410
480
2816
6381
4648
159
6407
5934
2928
1302
5811
10175
1132
9732
4349
2104
3549
4885
2284
1499
7485
2636
8903
1754
6154
678
9861
9293
5497
6368
5208
9871
4243
7067
7048
8439
5579
6932
5007
3464
4631
4473
4418
7911
1333
7156
8424
7018
249
2583
9107
6963
2096
975
720
8962
1449
339
2832
1777
6426
5718
4622
7270
8228
7723
7883
1779
9843
8054
9975
616
6084
482
8155
4420
9198
3121
9491
10215
1382
6296
8777
8802
8772
7335
4431
4907
8417
10095
4131
6899
3168
413
2323
1830
9800
4538
6102
5677
9588
2108
9971
276
5675
