19126
12289
14879
10111
8536
14922
7489
13384
17537
14756
12047
3536
9253
20413
17510
17884
10165
489
14071
19527
2463
14608
6180
10211
11894
7470
2164
6697
15904
16399
684
12663
3615
11399
13829
9559
15916
19234
9767
20276
19971
10390
7654
9517
12138
8891
4152
2889
2936
9082
13064
13365
2145
10940
13892
19297
13670
2127
11063
7296
9033
15882
18926
6953
4052
20190
17710
17983
19934
6046
10952
11549
17911
6920
16097
7555
19336
16922
13981
6087
16101
3784
181
15547
19906
9059
7504
8489
17639
15279
13870
1736
15616
6445
18057
14427
13054
17828
18346
10300
2738
6075
12853
9797
2961
1334
2245
15733
9680
7428
3242
4773
717
7968
3466
4971
10773
14191
13504
15364
1357
13465
13265
9761
900
2434
13692
9690
19523
10893
7158
9981
10549
16353
17486
6908
18414
18849
19711
20383
1336
15974
8217
101
9340
20409
12159
2958
19079
17087
11589
3028
6060
19981
14119
2297
3088
14869
1243
17207
9661
5524
15875
7054
16428
16299
6732
8576
17767
7477
16953
7498
5813
6647
19560
7772
2486
16757
3134
10809
19103
3233
19878
6771
16769
17633
5535
17570
4930
14877
6109
1551
8192
10558
17511
8429
13069
14652
20196
9867
16511
17507
71
5226
14601
17748
9187
12130
9112
19199
1863
5154
6925
13449
6912
7414
14587
5554
12494
8419
14468
15609
11746
8803
7641
8634
17494
16695
4736
11291
17410
2085
6384
302
12495
7814
12809
7297
3858
6824
17276
10557
8842
6474
14612
7782
6418
15520
15156
11182
11969
12075
7975
12750
8735
672
6855
757
12873
6899
3449
3421
11150
19175
14878
6995
12379
19654
17562
14339
9928
6028
5819
7001
1870
14719
6285
15655
918
15418
7284
1398
6174
11396
13368
16308
17813
13454
19564
16495
14830
17299
8856
16650
17418
7896
20364
18303
3458
4653
6389
14338
3319
11144
11983
13877
357
2737
10450
7659
15742
5862
1882
2618
155
8764
4351
15252
14329
19630
11435
19151
18724
8871
10377
3675
8961
20194
284
18223
20020
13898
11359
7627
3373
18478
9567
6139
6705
10161
9905
20446
13885
3202
12171
16616
15731
9787
14283
19936
18817
3862
19085
14313
7260
20198
7690
5612
17947
15191
8659
12146
17571
18405
11720
10075
14657
15440
485
5530
7761
11022
10663
4398
4016
15187
8593
20304
10942
16652
891
20321
8228
3301
11242
14435
6479
2901
14324
1190
15233
18388
7922
19320
8025
19436
20358
11275
14868
7935
11112
10936
12079
13608
11962
10650
1312
1152
9656
16247
4580
14626
11997
4117
6803
9071
16441
1238
9882
7267
13677
11848
8258
5420
8973
4833
12233
3350
2306
3137
10679
11520
8599
5018
19988
12113
2670
8331
15719
19907
16403
11638
4005
14078
17048
9003
4356
1038
10676
15218
8414
379
17547
1940
17501
6155
1826
2013
7528
12606
10325
12277
8512
5651
17803
19326
11878
12351
19475
12192
18668
4207
1296
3207
3666
5245
3970
10721
9182
15484
13980
2078
5676
7497
11565
16221
1008
6848
5230
14683
5145
10151
1970
5506
7040
2999
15722
7897
2022
9529
9036
4396
8003
5803
3750
15280
17641
18366
20388
3662
13867
17909
5287
4588
6709
2616
18481
10221
16903
7784
16248
9490
17525
18306
9915
5638
8216
4276
2515
9458
11851
15651
1148
13163
14091
5705
11702
10749
13741
13111
19123
15919
7104
18319
3083
14663
15179
4848
19118
11504
14148
3272
17490
303
11542
18518
3808
5309
17140
18795
19704
20150
12409
17248
19956
11147
19752
16400
18061
14575
1992
1092
2052
8161
4798
15175
10863
14570
4965
18457
10284
1012
1448
627
17489
45
7899
5709
877
2389
7534
7422
10138
11950
12028
4412
4055
14509
7942
14231
16085
3324
11328
9899
5468
6846
319
2894
19986
7353
6357
6845
9502
13729
12477
5763
18398
5764
5825
4157
14928
15385
15860
13640
12562
788
1672
4469
2789
5693
13952
15915
17177
13451
6503
12867
15706
2036
6767
15865
14701
10461
18577
6928
2589
3179
11184
16164
16321
7971
20283
1066
19525
7666
2160
11948
14969
12163
9079
8584
16877
8006
1150
8497
16038
3424
1853
1833
20051
13753
4289
16070
15494
6314
12064
8649
17170
5754
8830
10508
7788
13072
19621
19780
1345
13376
10052
5993
4338
13901
13553
19885
14447
7903
17425
13863
8445
10685
15276
4382
10661
11514
16719
6477
3541
1948
13406
13540
12255
11709
20028
5780
2528
5010
15183
8138
18148
18851
17505
15707
11946
3480
2575
10658
12681
3078
13710
2776
13928
19605
16900
6836
15018
18578
16916
11728
13018
578
14289
9959
8119
10396
16736
622
1945
14088
6787
7778
14844
513
4046
16065
16605
17565
10373
17109
8535
3589
6040
14179
277
13593
2623
14371
1708
1233
17333
20400
9547
9387
5429
7317
1568
5982
3842
9351
949
18214
385
5715
13528
10680
2501
14057
813
528
17285
3946
963
5206
699
1349
455
8819
16505
3054
11832
19890
16342
19156
8725
9320
6221
4980
12694
1081
17949
17162
6586
12665
18150
11186
19456
3630
18569
12871
3026
19529
14311
15411
2044
15903
5792
8905
15817
16276
6552
16520
16924
10681
11481
12756
10168
10551
14215
11420
13027
3228
13925
13853
6581
18975
18551
16339
4370
15298
12655
19974
5450
1938
15358
16668
2539
514
16242
11193
7837
16661
9459
19847
19530
19547
4116
11890
13964
4683
13374
15126
13328
6081
18401
10129
14769
8734
14070
3602
5249
1586
12302
9852
9644
12386
16847
3236
9242
12537
2442
3001
13395
2216
19710
12132
2422
1723
5326
12172
5073
3885
7964
1314
16486
11804
10675
2777
8199
3815
2390
5912
9259
2130
14962
10664
11440
11868
10166
9512
4042
10063
13414
10883
9949
8320
6333
2114
16608
4845
18224
4068
214
5393
2135
18936
2826
9705
10605
13405
18921
16488
4573
7575
10739
328
3836
16958
3150
8030
4551
17545
10156
19492
2541
1495
10005
5250
5090
1670
12524
5119
806
8591
15047
12482
2753
1076
7976
1806
14399
15876
9011
18055
6756
12422
16270
7372
5365
18807
19703
1
20095
9418
16109
17728
17181
16800
410
18157
19339
7080
12019
1160
15006
4308
4924
18646
10024
6555
20462
10130
14518
12327
10620
6882
3912
3181
8648
3047
10768
6567
7113
19829
8615
20396
13587
9099
5075
8365
6627
18131
11447
2703
2557
14592
6036
5227
13352
18987
1080
6489
9810
67
9622
15803
17414
13938
7606
2370
17684
10338
6061
16990
14055
13147
15242
11509
10362
15410
3042
2071
12374
8110
19838
17152
15222
17084
7332
5050
796
19034
10478
7087
7705
13331
8918
18543
16743
10044
11706
3167
2935
5286
5958
10077
17546
13852
5616
5511
7738
3992
3128
2731
2480
15395
3253
18740
16618
232
17770
17306
9947
17625
4405
8784
8528
3742
12058
4698
20022
11917
5319
13850
5555
8459
8942
902
15880
18826
12256
19473
18442
14703
7506
16669
5336
8433
8952
18768
18862
14761
18276
17926
15267
16412
3119
10181
16809
13167
20243
18186
17316
17091
6936
12674
10879
8772
15235
11628
4235
5209
8111
19848
2810
18474
4324
11874
2331
710
17927
13206
4579
4789
2133
5925
18955
12563
19886
16843
2607
14037
8127
11696
18532
16929
2962
8800
1871
2870
4853
2992
14036
2663
3773
6220
13918
1440
4373
17670
5089
4808
12778
17065
19188
12586
15695
7843
4011
152
7852
1351
4969
12434
913
6425
510
1934
12731
306
12561
10889
3331
10543
17493
143
11317
467
8153
11864
15637
11375
1373
9835
3372
3468
11373
2636
3016
4508
5340
927
19047
2103
14504
4639
11316
17391
15031
2763
17427
10858
9633
1772
3811
19113
12860
15923
10174
18805
15139
12359
10621
15569
20275
19708
818
18667
13501
17693
13264
12514
4691
18802
11670
13942
17685
13982
17877
14001
1649
16144
8837
7440
6827
5861
18015
17843
11866
6264
336
18290
20267
16985
7668
7571
15576
6988
15807
3337
19009
3280
8080
3025
5581
11928
1295
5107
1329
7519
14846
16476
4578
15531
13559
994
16219
19248
4317
7170
12567
7993
4725
9316
3681
14077
12384
3777
7729
4096
7442
10784
4282
13156
4581
9279
14781
2674
898
16450
19455
915
16587
16526
3601
11936
14715
16662
9625
17837
11158
557
10817
12081
15529
13624
12347
5445
11955
9419
6131
12316
13792
18861
17307
887
10643
14514
5272
18678
14043
12122
18498
1250
697
7465
655
17922
2793
16573
18016
6419
18954
17346
6663
14321
2237
5984
19357
12516
6106
7867
11599
16878
7082
6525
15750
9171
2523
10278
14190
13032
7214
9712
6488
546
9229
4509
18559
8541
1921
2088
369
15625
7527
13556
9884
12205
18377
7621
5700
199
12900
10146
10018
8190
9890
56
1225
13958
9576
3576
711
4281
1573
3538
4088
12211
4422
1032
1959
307
8102
11674
11244
17612
20163
3168
6643
570
19074
6152
19715
2971
524
8144
8019
16067
13481
18797
10140
8935
11269
5775
4972
9766
10382
9275
14460
1685
15387
5645
1524
3974
7462
20132
85
301
18685
15521
16438
2684
19281
8053
15917
5721
14793
20008
11000
4403
15022
13338
3803
16882
15422
11195
11119
6411
20021
18994
4594
15182
8490
9024
6342
7537
8404
5112
12349
12994
16346
6201
509
15263
14791
18350
19536
9206
1035
15106
517
20205
8424
16089
19559
6645
9850
18524
718
11371
10418
8471
2785
16819
12272
450
10997
19258
13246
217
3227
13217
7907
5214
1565
19317
6301
18043
6142
5670
11566
11739
6821
9626
19426
13293
942
9064
7707
13114
11778
12120
14014
17293
20224
16389
10905
8524
13060
640
12274
1306
16848
5034
6847
10239
13212
5561
16863
2661
15367
759
12266
13429
3717
2496
15868
1845
2849
15773
20338
2659
6073
5076
780
14444
5026
7351
6377
2416
12389
12424
4869
14184
18204
18226
128
19431
18991
16357
18269
4743
18459
10615
6349
17678
4202
668
6347
670
6052
14664
14306
18903
19573
17125
978
13568
1223
16023
15933
14216
13864
4586
18171
13446
1722
12215
13590
10428
10372
16705
13891
19969
5280
12093
7449
13748
16239
13351
9486
3437
16487
18488
55
15037
5991
19685
16077
18874
5484
11423
14149
3957
18511
10107
16961
14499
6037
665
11627
671
15862
4562
236
13084
4443
8254
15519
17034
20451
13629
13582
8554
1429
2063
3225
14739
1416
8508
18155
7951
17035
15983
20330
19626
19001
4575
2081
6879
18659
14473
2915
10842
1872
4936
5163
16600
15223
19273
7652
11830
7313
13254
10827
14282
8574
10872
3430
6769
1139
16046
7974
17135
2372
10465
11559
19601
4026
3730
8704
18487
10941
11882
805
15523
5433
6013
6105
12532
4021
19082
13133
19088
11524
9548
13310
10566
3556
10939
17273
5477
1270
10552
4451
5416
11519
13280
15261
5005
15814
19063
16671
6153
13397
7866
4428
5155
10460
10062
18594
10861
19130
8616
17847
12034
10709
5480
17841
15889
7598
14684
1646
6004
14618
3436
8270
16396
14213
2431
1746
13344
7644
4686
636
4951
18564
14279
352
12530
3907
9111
16637
16309
16481
6776
16132
7802
1297
14984
5136
1286
2259
8165
8007
5565
18684
5611
4003
19093
6083
7147
18919
7205
462
1021
10846
8236
17211
7859
16755
10539
12737
12212
15605
2597
8903
5525
7933
11167
8867
8109
7513
7219
10813
14549
1023
3653
6280
20316
7860
4788
79
9990
11974
14863
18263
12331
6374
9628
5547
5373
6507
20222
4231
7807
275
13117
20402
4514
7083
9847
4632
5438
11288
16363
11402
5113
11977
15216
19693
8519
5542
1835
5126
5521
16192
1093
5866
234
8922
9830
7011
13435
7344
13326
6741
16355
14355
6112
14255
12949
6677
6372
14138
13318
10919
6350
6138
14396
4911
12127
11691
5418
1395
20418
4950
5109
4275
5094
3600
19007
4838
20277
8316
6263
2161
15327
13151
18865
6542
3948
17239
13356
19924
18184
7630
12089
14817
9919
8555
13345
3941
6096
14662
18733
5640
14028
5006
14021
19852
4761
8118
2312
19176
2941
3314
10635
3173
7885
19207
14248
6517
13224
10978
12016
4797
12052
20414
16213
12913
372
8367
5743
1135
14986
18555
12611
7797
11350
447
4572
9783
6164
1486
3849
5643
3789
18997
2844
446
9958
15446
13281
14195
15664
19383
9811
17566
14203
19225
16179
15420
12768
12508
12133
20211
4079
16599
5730
9070
6190
3013
180
5025
3116
14965
799
6556
17916
1777
13906
5973
16793
5016
8972
12583
17105
6332
1792
7356
6433
6352
14085
438
7931
18752
1121
19195
18207
11662
5083
9302
17194
11050
3822
18847
5980
14092
17826
3147
15407
11600
5636
17314
2419
6665
19121
8332
9976
13150
3325
20070
14312
11153
5001
6572
8637
5932
3169
4895
4332
