1047
2349
3432
716
859
4373
2777
72
4591
729
1504
2906
4205
170
2755
198
4973
2698
4913
4273
1063
2363
2846
3197
1276
64
3364
404
327
4718
3615
3539
4047
2419
701
3582
1268
4736
1970
4961
2957
3935
898
3577
4949
547
2592
4613
3290
2519
2469
126
4107
1283
2751
3654
498
1322
1469
2279
2236
3392
424
3571
2984
3849
30
3015
4953
4359
1366
4485
4060
2402
3140
494
3411
794
3474
4000
4944
848
3958
3426
4611
4040
462
81
4142
461
2595
3694
55
1654
3858
2077
2215
4064
3736
3578
2783
1098
206
1624
150
639
3861
828
647
528
4843
3563
386
4507
699
607
4072
3565
5008
3011
1334
844
1855
792
1195
2431
787
4608
1377
656
1
2711
1234
2870
3250
4704
4222
646
1884
3692
5006
4425
2762
5056
513
4970
2942
1318
1571
3618
2640
2208
140
4487
5113
1613
232
761
1560
2370
3460
1542
4695
2735
3939
3878
77
786
4742
3830
383
624
1570
1194
2151
3346
2446
860
1330
2490
4630
3141
3669
2478
3607
1233
648
2971
1033
3504
1960
4484
2996
4336
1460
3033
4030
4606
3902
3610
4514
222
411
2764
1434
2558
4687
3369
4404
4180
439
3188
1776
5067
4440
748
1150
2553
2703
258
3846
3114
3415
3697
1841
2048
2763
142
2382
4576
1598
121
3554
2244
3362
4383
3039
350
1173
1003
1693
4229
4418
4661
4378
4227
2596
2759
1043
4735
2342
5041
1708
981
4835
3912
1759
3573
3102
3494
1293
556
4450
1949
4154
4363
4050
342
2473
3621
98
935
1830
1917
631
4195
3309
1044
1250
4890
2006
4547
558
2403
3081
3166
919
1538
4573
1991
4038
4796
460
2116
4421
3909
3687
2058
4414
4794
3967
634
940
4305
3420
3586
3689
2580
1103
46
403
91
3228
3715
1715
4518
2228
4780
3920
4623
3037
1684
4921
2122
4010
3542
3646
2987
1020
1188
3940
4625
28
732
2216
1205
989
1685
4477
538
3179
234
3981
3273
482
3604
573
3915
3473
4437
2254
2516
1015
4803
1751
4225
740
4508
347
1142
2219
2866
3295
1761
2229
3009
3088
3429
4934
1889
781
1832
3049
292
2684
2862
488
1933
3437
4671
408
3124
2338
361
2167
890
3040
4051
333
236
2992
1035
2544
2816
2199
3895
818
4532
4833
4605
567
2946
1351
2256
1179
3005
3635
1876
3071
4824
2132
2742
2686
2838
611
1879
1544
1704
638
3761
4237
687
444
3866
1299
4119
655
3580
1670
1903
4904
2424
3073
165
1340
3307
2646
3545
4999
3612
1466
3871
3870
2019
189
3796
4628
2977
3291
1062
679
4080
57
472
3448
692
3547
3333
1006
1124
2312
3742
2534
652
3914
970
253
96
405
589
4787
1408
4861
1364
3310
2471
680
3700
4867
1755
250
465
3171
1532
3528
5060
1196
429
962
2793
4818
95
3382
2277
840
3181
264
3303
4888
4226
147
113
2886
1923
2196
4039
3397
2578
1665
2754
32
3755
