4159
8036
3154
1854
9825
4719
4719
9280
5595
2016
4276
1125
7145
8217
2103
1564
8061
6892
8458
8869
248
8286
5187
8676
9767
6722
1565
4579
3264
3048
7535
5034
4631
6944
4579
1759
6500
5380
2255
9652
8283
4270
1962
2255
3561
264
8587
7775
5786
5885
7237
4310
7590
8819
6383
3447
4349
7684
2030
2522
4579
10194
9162
9392
3742
3185
5819
1565
7786
4261
5786
742
4084
7566
3430
4531
4579
7862
8293
8740
7686
5163
3550
5369
6970
3301
6201
7586
5365
378
9351
8754
1565
4405
9767
2873
3154
5583
7145
9327
4669
4656
8740
5178
4719
164
1920
5786
3185
2016
6872
4446
5595
6628
2144
7145
2479
3624
1679
4446
7888
5060
3483
9713
10038
7686
4579
92
372
4642
5875
797
5786
8983
6944
6383
2420
492
2522
4579
8492
1679
4320
4554
3677
3356
6201
597
9502
9392
6885
4360
5786
3337
2884
6803
2771
1565
10211
10058
1759
4698
1114
1071
8936
6729
9673
5786
4310
704
9245
6587
1086
3991
2713
809
5514
4719
8740
6038
8152
4360
6427
8
3185
2602
4152
7323
1751
3719
6970
6313
8734
7089
1615
7882
3121
8107
248
8286
8740
5867
6320
7331
10121
6115
5522
3185
4831
9527
1097
1421
186
6628
8740
4831
5016
9502
2923
7416
6892
5178
823
3530
2328
5786
336
8112
4807
3943
6380
8740
1600
1361
9932
559
5786
449
5595
3185
5885
3430
7323
1759
8428
6944
7686
7947
663
6954
4579
4605
674
4531
4310
2114
1458
8788
9767
4080
7117
4579
1310
1940
9525
5786
866
9727
2664
2659
9392
3154
2255
6022
1421
5301
7859
2114
6455
4152
9527
6089
4818
7953
1310
283
3185
1485
3447
6944
5786
8431
2255
8421
8240
7199
9673
5595
8076
9940
9517
9392
3093
1071
3530
7318
3185
5403
8286
2536
3530
8217
4579
6396
5403
4579
186
704
10117
1780
5380
6585
9642
3996
1982
5126
9392
4310
4310
8728
2016
4579
7145
4818
8492
3430
4161
6281
3748
1880
1694
3663
7145
5953
8455
6330
7323
9238
4375
3611
3185
3760
3154
1904
9312
7323
9022
4310
449
9678
663
191
2255
1097
5188
6455
6587
2748
3041
2294
4216
3185
4349
1310
7345
3663
8668
1109
9071
5465
933
4719
809
9932
6906
3154
516
7687
1097
6944
5786
5528
6577
3356
8734
1148
5786
9932
5031
8129
624
8431
9534
3344
5283
1759
2016
3021
9554
372
6200
8217
6892
4982
4579
4605
3337
6380
7238
4579
10038
1811
7202
4360
8564
3773
1485
8194
10211
1780
1071
6587
9228
9673
8819
7820
8740
5394
8777
866
5008
4495
9694
8107
8309
7331
3041
4642
551
3180
9439
3028
7661
392
747
5137
6944
1837
372
6135
8054
5786
3293
8241
7296
10034
5786
8054
5150
8788
4128
8726
6364
866
6898
2907
6347
5034
10038
8455
3441
6532
9517
3154
8564
5217
1312
3154
9942
8936
5528
7282
1097
8740
3264
4310
4807
6802
2479
1962
7974
9581
4310
704
6073
5595
7331
8728
1168
5885
7482
9455
3760
1759
1962
5527
10125
5060
59
6022
9163
2581
5068
6573
1821
8124
4065
8564
3683
5885
8995
6649
6281
5885
6970
4310
889
5788
10121
8309
5527
5178
9317
9392
1759
597
7947
8740
2871
8054
8492
9477
4554
6528
8241
2406
2581
1106
8431
6577
7820
8458
1038
3285
1980
9999
4820
3075
5000
6638
1939
71
1994
9940
8348
2664
3356
283
5786
2888
6971
5423
6577
5525
3154
4598
9999
9694
137
2936
2255
8740
6030
7151
6317
6722
9649
3718
5786
5423
6301
866
3021
7092
7126
6943
6235
5676
1278
6892
1565
8675
6356
7331
186
10057
4310
8012
9745
8152
5443
866
1458
2833
2451
8837
3185
8054
3387
532
134
2404
5786
10038
7222
5675
7266
4128
5866
9673
5786
2884
5217
9238
9819
8428
418
6695
5782
6552
4982
5034
3773
9931
1132
5675
5867
1565
6455
1759
4289
8767
6854
3185
7082
6482
10195
3520
3162
587
5583
1103
9874
3608
2030
5522
3185
4760
983
248
9947
4310
3212
6103
516
8850
8124
8740
6670
809
5618
6718
1036
9342
8594
2950
3530
3608
3873
8062
8148
4579
4310
5786
4719
4310
4497
6922
551
3301
6631
7331
2223
4108
2255
2969
4719
5885
1565
9673
9999
3154
9323
6985
866
7426
184
4261
1821
9999
4175
3773
5579
8152
2771
4760
7690
6944
7238
5522
6347
8683
9767
6944
74
2255
9524
2969
3200
264
598
8293
5786
7947
3773
2406
9634
4283
9940
1854
4378
6001
5786
5786
1565
5034
1216
8148
7862
2255
5786
1712
8152
9450
3921
9923
9837
4579
3760
5289
1038
348
8686
8728
1904
3185
4525
6038
3873
3728
5964
8018
492
3180
6577
4579
3093
8683
7093
7450
6301
539
5411
9355
648
9999
10055
6722
1132
867
4970
5031
889
10195
9128
2940
2640
9392
5118
9317
9770
9332
5676
4579
3154
7126
2356
10211
7387
7953
8573
6726
663
7151
4631
1799
7012
1925
4719
6892
5686
9128
2487
880
8740
9999
4423
4405
8300
3932
4719
3824
4630
8148
1694
5786
5618
5826
6902
8740
3185
9141
3417
9777
3121
1097
7862
6500
9767
7555
6201
9999
2404
6944
5443
8740
4579
1789
8217
9969
2522
4152
8754
2534
5234
2103
8286
9128
9332
6649
8850
2664
3356
6944
6077
3924
4579
9162
1038
2356
5286
2255
2771
6015
7159
6722
4579
5875
1980
1759
8012
4970
9825
7230
6372
4781
1219
4038
8740
9652
8124
459
4673
1759
5786
3075
5178
1565
4310
6077
4585
459
4730
8702
1766
8675
3031
5051
2934
6040
6338
9745
6356
6638
2103
8439
3073
3276
418
7230
6922
1106
7331
516
9312
7084
6923
265
2833
9673
3537
2522
193
1789
1278
809
3185
516
5885
1982
5782
7238
700
3773
2103
9115
6440
5285
598
6281
1962
3169
2103
5786
2396
4516
9932
6902
4063
9940
8564
10154
3905
5786
6023
7237
2884
5671
742
348
1077
63
8124
8309
5595
1148
866
3573
2871
8726
611
2771
7661
7230
3126
8740
6347
2479
8734
7566
8292
8054
9999
74
10038
705
598
6439
2108
7012
9999
5592
5234
5583
2255
3515
3716
7862
6722
9115
1236
5365
8565
5334
3996
1789
134
4719
7953
5786
6604
7001
10038
8032
7566
7323
4730
3048
1789
5786
7952
5525
5283
5018
597
8850
3166
6025
4065
10055
7129
4555
9825
5686
663
1069
8565
7151
3185
6279
283
1038
3048
1441
1130
1148
527
334
4575
336
7129
6726
8740
3663
9671
4719
5217
9550
7940
6089
8484
4310
8065
809
9567
7203
3611
2430
4349
3760
7995
8458
283
2629
6407
9312
4812
866
7687
2847
9281
8152
9086
449
3121
7911
1759
3154
5051
9769
4579
3593
8114
6970
7786
897
8668
2539
7540
866
7555
3718
10194
6726
9999
4175
8484
4310
6578
705
3185
1131
248
972
9969
1097
1962
2479
9431
8463
5595
37
4310
459
6628
2453
8148
10055
747
6866
9767
4820
9626
7331
248
5786
243
7690
2451
7820
2453
1236
897
9581
8112
8431
10195
4152
8106
1310
1811
2640
9191
3185
4232
6970
5522
8124
2479
3185
6407
2451
5786
10038
4719
7614
1403
4340
8309
4019
3530
6729
2114
1759
9392
4310
3275
5782
8409
4579
3483
2404
3447
1077
5786
7230
7786
9969
3760
8740
334
7862
9876
4473
597
8386
6944
1904
7706
2871
9238
7021
9777
164
9932
4972
5786
3441
7296
5365
7679
3331
7097
3509
8980
6851
248
8690
5217
9999
8791
2213
1615
8054
5826
6455
7230
1527
3943
1305
9837
598
3991
4052
5583
3905
1565
6586
4349
9940
867
3683
4057
37
551
4631
4360
663
1565
3718
8767
3529
3041
2103
8850
243
4592
7230
6726
1759
9694
9819
1734
5595
2522
6568
48
8148
7661
6568
6380
6902
3185
7786
7450
8740
5786
742
6439
336
1010
1939
2451
9238
2390
9769
1305
2016
2114
9767
248
7238
6970
1361
3760
8971
4203
2923
10057
9835
9392
3185
2016
8918
5826
1038
3956
5187
8152
1880
1980
5583
4232
8791
3212
6077
6455
4719
7151
8124
6892
3185
8309
1939
6235
3185
283
8683
1565
8124
9392
3387
5786
8740
6851
7661
8785
3185
8971
3145
3447
952
704
5380
4310
88
3075
6970
2705
4519
8740
663
8012
3310
2539
2705
5782
7862
6866
1131
6347
1565
1347
8018
5394
4504
3185
866
9770
7381
3185
9327
8740
8455
6313
9931
2016
10195
2103
6802
378
9673
5953
1593
283
7482
9999
186
4161
7456
5008
6201
8740
6721
248
3760
3387
5369
4676
704
186
1131
3185
3530
4261
7248
5805
2255
957
5870
9351
6674
8587
1716
7614
2255
1625
6568
9280
3185
2664
5527
8565
8668
4579
3624
2420
7331
4554
7331
6604
56
7679
1071
1106
5758
8431
7151
1679
691
9312
6802
4203
1435
5786
5786
4575
7593
7093
2536
5867
5885
9767
3310
9942
5786
9210
4360
3529
9999
3344
8118
7952
7151
3180
7540
8819
6628
6392
4625
1962
10038
3760
9825
8386
9392
4642
9327
5729
283
2713
4163
6943
4473
1907
6854
1759
2255
4586
844
2940
3399
9770
9323
7202
72
6892
6001
5034
8740
4740
2097
1310
6631
809
6380
7851
6568
5885
5527
5676
4719
6135
5875
3185
2629
4057
2103
1216
7101
4673
1444
1780
3416
5786
6023
4625
4360
6970
10121
8466
1577
5786
5786
8676
4920
2451
8148
134
9819
8455
6077
4057
1148
6674
7549
3773
6577
7699
3943
4575
1759
4217
8936
3145
3185
9694
1604
7323
8740
6064
2922
8676
3185
8386
8936
8240
1097
5786
7449
7076
5595
1600
2863
4517
6135
2114
3748
3276
7092
4719
8286
3185
1071
339
3185
459
9150
7786
8240
9115
10121
866
7323
2987
7248
7117
5786
2191
4812
7141
1219
1962
1712
4809
5178
9228
2934
3308
2255
6201
5786
8409
3154
3447
5786
5126
4128
5698
10038
866
6943
1994
8740
8283
8710
6892
2871
2922
3169
1789
6482
4289
7566
7953
3943
6440
348
3764
3417
7238
2847
8740
7851
4575
6944
1312
1097
8386
5786
6718
1132
5527
4446
2544
5595
9969
3356
8386
3169
527
8740
2705
9879
7387
5369
7084
1751
4579
9226
6190
4719
9999
4519
7323
5008
9969
5786
5031
9999
1527
3530
1677
7092
6872
4490
4585
5285
8227
9581
4360
1600
186
8217
3716
1759
5686
6372
4669
9619
7145
5786
5786
1354
141
5671
6115
48
6347
3544
6970
7888
5786
1565
186
9273
7286
243
5786
8564
6433
8124
2255
7888
7690
243
6274
7786
8124
3550
4310
4737
983
4289
4719
1071
6135
6664
6944
9238
663
1759
2863
10125
8686
5786
4579
8740
7687
6001
8381
5729
7661
3048
8692
2487
6135
8012
6726
4579
6944
4579
1496
5786
6025
5885
9999
8740
9825
7323
3154
8740
1369
3075
6721
7911
6568
1421
8227
8124
2191
4405
2522
9128
5285
3041
9312
8148
8573
9999
8971
663
3982
5926
7851
9317
1168
1518
6482
5788
5867
2487
2255
348
9995
6577
4108
4592
6718
1097
3773
9238
4121
1811
8110
2016
4710
6038
2602
8371
2770
7238
5786
5178
2940
3154
3602
5595
9652
8740
4575
6192
4820
4730
7331
283
10211
8065
2664
1925
7995
8740
1305
5018
8012
8740
9777
8124
5786
2668
7101
4121
1577
59
3180
5286
7661
7566
3093
3447
8381
6568
8850
10038
2294
4579
2668
1106
4414
8032
3520
8740
8740
6944
3719
9128
8124
3356
3943
6015
8124
4375
1712
3773
6971
8240
1565
8106
8810
3200
6854
4579
9931
2487
7947
8381
8076
9115
9392
3509
5786
9999
5728
5875
6409
1798
1010
1615
283
4737
9879
2625
5465
7323
1361
8564
8439
9527
516
7690
6455
3873
5329
1038
2640
7555
4820
2232
8777
6552
8850
3943
3773
9999
5786
9273
516
588
5786
7203
1219
10211
4349
1564
389
8740
1027
6190
663
6974
8869
8740
8129
243
2987
3331
705
6568
693
1780
5675
1310
1245
8114
6015
5527
5885
624
5237
186
7296
246
8148
2255
5867
3185
4128
1485
4108
6546
311
7238
5885
4740
8675
4719
9128
3185
6628
7820
4349
8767
3264
2602
6483
663
8036
2328
4555
4641
674
8300
8740
7076
3185
6030
8668
7082
8124
8668
6587
4038
551
6235
5369
1997
164
8428
6577
742
2142
5365
6568
9923
7145
551
5786
4719
5021
5786
1086
2404
8106
1109
8726
6356
742
6077
5008
5187
4579
6455
9891
6279
3121
5885
2016
5595
3961
733
9673
7001
1694
9825
5135
2522
8309
5867
4641
4820
5365
9891
6317
9534
5217
7851
449
6649
1625
2969
8217
7614
6201
9431
248
6001
5423
1759
8409
8740
516
6854
10125
1305
3356
1103
866
705
4525
8061
1168
4719
4575
8125
9525
7426
9932
491
4631
6718
2103
8114
4310
8980
4818
9432
4730
2114
9392
9931
6301
8124
704
6898
4982
8740
5150
7141
8439
9162
4340
1789
1369
1759
7859
6604
7238
4121
7922
4504
4310
2811
4121
844
4730
1925
6953
6954
3760
5016
5365
5595
7911
3446
1132
4360
2871
3185
6317
3154
6906
7222
1369
9238
4575
4579
10038
5786
9323
1577
8124
5867
2461
9825
4585
8292
7151
3331
4405
6628
3356
3200
933
4642
6944
8018
6500
4807
9226
598
8788
3121
559
186
6587
809
4555
5964
9825
3441
6212
4645
1106
1106
587
3943
5596
9228
1604
1780
6135
5786
9999
8240
1097
2103
6802
5826
7346
1097
611
9673
9770
8061
5527
2108
8565
8187
1369
3180
7126
6338
3991
2142
1065
7033
8124
7661
5786
3760
1789
2770
3742
2016
1625
5595
9392
5595
3573
2255
5150
9210
3943
3530
8740
3185
5686
5885
6528
2222
8386
4579
8227
5178
3041
264
2520
3956
6628
5423
8381
1168
1131
7084
6482
2602
4719
48
6073
4579
8124
4423
5217
7151
9273
6722
2922
5217
4579
7345
1219
9228
7323
2255
4710
1485
7830
4128
6944
6974
8061
4152
4807
7286
5786
8837
2888
6892
4211
6718
8980
3608
1065
3387
7270
8810
5870
4310
4360
2016
1880
7230
2114
3185
449
3264
7331
9392
5786
9673
8740
1679
3760
5728
6944
6803
7862
9999
4645
1106
6439
3041
6670
6409
4579
9300
3730
71
1103
5686
663
7323
5286
6568
1798
1236
2987
2406
9923
2664
1625
1604
9581
4212
10038
4310
5786
6427
4216
2640
3185
1734
6944
8980
5819
9713
10055
3924
26
8286
4405
8777
1097
1421
6587
7566
8788
5595
7238
9084
3691
9392
1759
9710
7141
2404
7248
8124
9517
1789
6970
8062
933
6347
742
693
1759
7426
7137
1679
9745
5786
1131
4586
6970
2664
1069
6839
4673
4719
1027
3075
6970
8018
4669
551
4310
4585
4212
8118
9517
7318
5380
7238
1565
6313
10195
7540
184
6540
5118
9770
2356
2404
7323
6628
8286
5686
9969
26
8286
9843
7690
2536
8106
2581
3331
8
1696
6631
5953
3021
1600
5786
9432
8054
8971
6038
1880
6064
1798
8123
7570
5867
5788
527
3748
6455
2225
5786
449
6985
10117
4579
3677
5819
3537
5031
5365
1354
5786
9517
8837
8062
8398
5786
8971
4737
8124
9238
2232
1097
7859
4962
4555
9673
1940
6922
8832
3764
9191
7253
4719
983
4473
4084
1789
9245
7238
6974
4360
4676
5885
7238
7786
6854
663
866
6585
4838
7882
8740
3460
8124
7237
3977
3573
5786
6892
3520
1097
7167
6802
5786
8726
9932
5595
4175
3121
2950
2404
372
5443
3658
4175
9022
5773
3604
7323
9001
5518
2487
8381
8980
7323
4289
1700
4673
3021
1354
7555
7159
2255
3773
8124
5676
5588
5867
7248
2823
6695
6944
742
1485
5788
587
4982
9887
7786
7684
1132
7185
4676
4730
10154
7001
3943
4360
6892
8767
1604
283
8702
3460
3996
4203
9128
6604
3021
8217
9767
193
1103
8692
5527
7661
797
2539
7995
6064
5557
8032
2016
7126
4579
8740
7323
2664
4579
2487
1027
1114
516
8124
2255
246
8152
4203
3760
3702
532
7145
3892
8227
1038
5867
1097
6944
8740
8054
7953
5786
7922
3551
4575
7012
674
7286
7586
7147
3730
5178
248
4458
4719
4579
2811
5675
9539
2871
2640
9947
9392
283
5786
8740
6330
9636
6077
6718
4142
6670
5786
10121
7677
2664
4579
2406
7151
4187
4163
4676
2255
7995
48
378
9351
5786
6944
5217
1694
7151
3185
7820
4781
7540
8032
4375
2547
5402
9392
4523
243
3520
1759
3824
1403
9819
7775
5618
8241
9712
7331
5863
1131
1069
8217
7021
4719
4310
2028
9245
4760
4579
9767
6320
933
983
348
7318
2884
5365
1131
3447
8740
8217
4340
6483
474
6577
7995
4360
4257
1789
5595
8148
8018
10121
1716
6455
704
4579
3337
8066
129
933
823
8125
4579
2103
3185
8124
8148
6604
336
5283
7586
7286
9550
3730
516
5595
3275
8837
2114
9238
7614
9671
6023
1103
5178
4310
7995
1925
6845
8791
4310
8791
3873
8936
3031
8728
1716
8832
5557
4360
2863
8819
4970
6347
8850
2142
7661
5786
8148
3739
5595
2103
2016
9086
4970
1425
246
2873
9392
283
9712
4579
1291
1361
4579
4063
4473
3212
2771
10057
8112
4737
4473
332
5527
164
1077
5217
8428
6317
3301
4121
6532
5518
3031
2713
5786
6892
9141
9392
7661
9837
705
6898
7677
1625
6409
2420
8740
3416
7331
9332
5786
1759
6015
4310
8118
8124
243
9684
2664
4579
6546
704
134
3683
9947
5949
5217
4719
4057
6135
4052
5029
6892
1600
5217
1114
7677
5786
3185
9942
6722
4142
4057
248
3530
1038
5786
6970
5778
9392
4920
3760
1798
7230
4820
1425
2114
6030
8381
9238
7450
7686
6670
674
3593
1485
9532
6892
3121
7093
311
1962
6275
4575
4333
2907
283
9581
9999
7593
8492
9392
9392
8740
4579
3611
6998
9975
7076
9887
2547
705
3943
6898
5443
1036
8702
9317
6971
3730
3663
4360
4719
3683
3608
1604
2934
4360
6540
248
6483
551
9332
8788
1615
6587
3537
8431
3285
8124
3991
3185
5786
4676
6944
1789
8062
8740
37
378
8398
8850
2416
6872
8065
2771
7331
9932
3356
1131
9969
6330
3417
957
5786
7230
8227
5786
9539
5031
5527
4490
6135
6722
4531
7830
9712
8114
5786
186
8217
5525
6371
3728
6628
6970
1625
3530
7033
663
5786
6380
7097
8767
1421
8107
1854
6944
10125
4575
1837
10125
3602
10055
5786
1593
609
4673
6064
5786
5886
9550
9713
4579
9392
8381
1363
8124
2907
693
6371
1577
9502
4820
7947
8740
5595
2823
7416
7566
5178
4057
6664
7323
449
516
9736
3417
809
3561
1518
6970
1332
897
4667
516
1751
7076
378
9022
8692
3276
3169
3126
9931
9226
3739
6482
4267
8129
1106
4423
866
1759
2255
983
7786
4375
6664
516
5786
3932
5034
663
4579
9969
8124
6578
3943
1603
1801
5867
4719
2771
4575
9500
3561
9128
880
2030
3677
2907
6973
598
1077
2601
6631
5726
7786
8217
7775
9619
4656
4631
1798
9073
10058
6347
8740
10055
1354
9995
704
9770
5579
5476
7381
867
6974
7253
4575
3075
4730
9327
952
866
8690
8692
1679
9713
5786
867
6528
1625
9300
9713
8767
6892
8194
7084
6628
5786
4360
8348
6943
5786
3682
6115
9876
5885
8292
880
3961
6528
2103
5178
7203
9019
6409
6568
1245
691
9228
7668
5403
6726
3764
8062
7947
4052
1759
4575
2404
9355
3760
5885
5867
866
6953
7482
3154
5729
7381
9071
4270
8728
1027
1962
7940
4057
3573
4378
998
6364
9980
4579
5595
7230
5443
4719
6540
2833
3515
663
9392
6023
9554
9238
5137
9671
9837
5773
3537
6923
7549
9355
2183
1441
3021
3416
48
4719
4598
7266
336
9191
9477
2103
4310
4310
9931
1097
5283
7167
1604
4108
4476
191
10195
4255
2477
1077
5786
4080
5786
1310
6585
9534
5964
2668
5786
3760
5557
4719
3185
4052
1131
3683
6587
7677
4579
5786
8293
5118
7129
4673
2016
3773
8293
1421
5949
5964
4534
9767
5953
1496
5525
1421
6482
2016
6906
983
6396
8971
7686
4579
6025
3185
1780
5252
3337
348
4554
6383
8241
1365
9999
2811
2479
1766
7786
9300
4575
310
9999
1071
4579
5618
6022
184
9684
1962
4625
7331
1435
1354
4405
7566
7679
6279
8152
6944
8068
5791
1027
184
7230
809
1564
2232
3031
8448
6970
2114
6030
1565
7952
1403
8148
9455
5527
1363
10195
1837
9713
4667
3682
311
5786
8906
5369
4128
4349
6721
8062
7082
10034
10125
1577
9392
193
4719
1716
6372
6944
2255
7449
6970
4579
3932
4698
809
4065
5592
2934
8124
1027
5286
5380
8061
2487
6455
2863
8194
418
6330
3728
3387
6670
6892
392
6971
4820
5514
5686
5726
823
3399
2187
283
9392
5786
4575
7651
3784
10211
5826
5365
6944
9228
8740
6585
3509
1354
9128
1600
5217
2255
10034
7947
372
2539
4831
6624
2232
6944
8371
6726
221
3760
4631
8740
6923
7185
6573
4283
4579
4575
8810
4719
3441
2640
4831
9502
10121
5786
4730
3873
6970
1131
9673
5014
6568
8421
2030
8668
2406
8455
6364
5118
1759
7661
7076
6970
4740
6866
5595
4375
3154
9997
1496
4760
7093
9450
4038
6577
8439
5819
2649
3264
4360
4187
9999
7145
7021
6483
1962
705
3293
2969
6628
1086
9975
248
7668
9100
9022
2539
6845
1131
8112
6371
6482
5786
6604
2770
9392
4592
3344
2016
71
7323
8148
2520
5583
121
7482
59
9073
2987
6973
2016
9770
983
5423
5861
10038
8740
8850
6281
2016
5098
862
539
6077
797
5178
3185
7482
8118
2404
5060
4630
9567
588
4517
705
59
1920
5786
4052
7331
1234
5029
6718
6892
9999
1365
8293
7387
2396
8740
186
648
6313
7409
7238
2705
7147
3185
4057
5786
8110
3748
3677
6439
9767
2692
8740
844
8740
1759
5786
9969
7947
2522
5527
8740
6670
184
6854
5786
2705
7151
7331
4760
8062
8125
9975
9534
4175
3943
5525
129
1994
7947
3387
6396
10038
5671
6985
8110
1010
5964
8309
7690
10121
4730
7684
6022
6077
8036
3892
4423
418
7535
8381
5334
559
9767
7566
704
4719
1780
4175
134
7566
5667
5234
5527
6628
5819
5786
752
3520
7859
9684
2487
8728
1574
1458
9969
6275
8068
1444
5518
6427
6190
2748
10121
9281
8439
2871
6568
5031
3301
8096
9874
8971
9392
663
6803
8740
7699
5676
4270
9999
3550
4310
3544
4630
6330
2907
5786
5786
5867
3956
8740
2692
1600
3484
2664
4673
8740
3048
1565
10038
6974
704
4719
5465
4719
1010
4310
9629
5527
1131
8241
8740
6674
2016
4760
2664
8227
498
6726
1615
3430
6540
1038
1027
8740
7323
2142
5786
2416
4057
5786
1925
9351
1458
1939
957
9238
5786
184
2255
797
2547
9019
7830
8740
8681
7147
1982
6568
372
141
9767
3264
1854
6201
4057
7387
6943
9684
747
4673
5786
8353
10194
4719
2396
248
1679
2621
1496
1097
6839
7076
9392
8148
3730
4473
4152
4423
6200
4579
9477
8740
9769
5525
9923
4310
4340
1168
8148
5443
5973
3593
248
3484
1131
491
5786
6455
8227
332
3145
7409
6372
1880
4579
1216
3719
4656
5595
8767
3509
9980
7331
1518
3185
2967
6974
10058
8431
8936
7203
3996
2936
8740
1219
4267
8466
2406
2713
8690
4108
5034
1310
9999
5018
2404
5000
8124
5885
8577
4414
4349
6664
9819
8054
6954
5313
5786
2114
7230
4575
9874
7151
6974
2142
6898
8936
2640
4446
8788
7686
6587
9022
1565
6577
7145
6038
6670
4719
248
5786
8918
5885
5060
10038
6670
8676
6077
3308
1527
2907
1759
1962
8740
2664
4585
1114
2602
5525
5885
4063
1789
9712
5870
1780
8740
8740
121
5098
1125
5728
3961
6038
8152
6383
7126
539
4423
2625
705
6440
4310
8194
2390
8837
3162
2664
5098
742
6030
4920
5973
1920
1759
9086
957
7012
10195
5305
637
1125
3121
5528
809
5786
5786
3021
1339
5870
1305
7482
4820
1168
8788
5525
624
3913
10117
5188
9626
10125
5786
866
8112
8458
10055
378
9084
6604
7540
5726
4360
2520
1106
4504
2232
8283
3683
6586
7145
9392
7141
1023
2114
4310
491
8062
6970
4719
2187
8740
5786
5595
3344
3573
1496
7566
8062
4579
6970
2625
8283
8810
6670
3824
9332
2969
1880
5476
4310
7382
2453
7593
6638
3824
4598
6944
8740
4159
8110
1593
704
5595
7126
5786
3337
7381
2664
3682
3185
6455
4820
9713
1880
8740
7995
3212
7555
6851
9710
4019
6235
9626
2255
418
283
2601
4349
6722
8740
9100
957
3760
3031
5726
9071
4360
8906
5277
1920
5791
6568
72
9431
1982
9727
7230
4579
8431
8439
8124
1369
2655
2811
8740
9392
8152
9999
4579
2544
193
3264
2255
7097
6587
747
6970
6943
3185
1994
10038
598
2823
1369
9999
10211
7947
2940
9652
3857
8148
3943
4152
1837
2255
4519
37
191
2811
6482
3742
4419
3121
8439
459
9969
6568
1920
8668
6587
5178
7413
3185
551
1485
4673
2602
8728
6649
527
4579
5579
3683
4820
5728
1565
3075
4360
3593
5583
4760
5595
8740
10195
3041
1962
5016
10038
4820
8124
7270
5595
1679
5786
9191
4673
9392
5008
6577
8148
7248
4698
7076
9312
867
1751
9940
7076
4360
9323
8573
1815
1751
9162
4579
8740
1694
4310
9999
2907
6279
8850
9769
9876
6944
8998
551
6433
1962
2950
5786
7482
9931
700
8740
9281
2871
3784
7686
8107
6568
7699
4289
2547
6279
6577
7922
2103
7084
9999
4982
3484
4057
8118
8565
7076
5525
6944
7266
1310
1799
3093
8906
8740
6022
8018
9392
4972
983
5060
1365
3677
1780
9874
6528
37
809
9071
6954
9527
9999
3264
4375
2936
6854
449
2522
3185
2453
1565
1485
3760
9975
498
283
1798
2936
1962
5014
663
1245
5595
1332
3446
248
8740
4579
3663
4554
5034
4310
4108
809
4360
8740
4579
8740
4820
5819
4232
4310
9477
10211
8819
1097
5870
1132
5137
4641
5782
6970
2420
2103
9245
1603
1310
2390
3121
7862
2664
7593
1086
8740
2922
8728
9450
4807
4554
866
92
1789
7331
10121
8148
2420
5786
9940
4820
1734
4446
6695
5380
7922
5867
1219
4310
7331
663
5964
7482
4375
5285
5728
6001
8740
704
5786
8463
5819
4760
797
6722
7862
378
1311
8032
8027
7668
6696
6892
10038
1038
5953
9678
9673
3021
2479
8740
8062
1103
8148
9931
5786
3356
3073
2950
336
4719
4360
6954
10194
3593
2255
7238
5786
7151
8740
7995
3924
1940
9999
6778
5163
1780
7947
8217
8463
8983
9477
7603
4760
2183
4575
8439
3185
2396
8668
7995
5118
704
5178
8217
6638
8740
121
4349
9874
2871
1077
2522
8686
2771
4820
4673
5866
1131
7974
7593
1600
4121
8431
663
6320
7775
6729
4495
4187
1363
9450
9719
498
9671
1751
5786
10034
2103
8371
5885
7331
48
7185
4710
7679
6279
9713
8107
5334
5083
691
2487
5782
4807
5365
6631
3166
2534
4557
8386
6396
4719
1369
5867
3180
4490
4534
4719
9678
10038
9767
1312
7593
9999
1069
5525
844
5522
4631
4760
8292
7092
7593
9128
2547
5443
9745
6568
1615
6532
4063
8152
8293
6974
1125
705
5527
1907
7141
184
4057
5188
7413
8740
1369
1751
3683
9317
4063
6194
9999
1940
9018
1811
7994
9673
5031
5885
4057
8740
2871
7270
7409
4730
6274
6040
3185
3677
2705
4592
823
3905
6568
2103
9432
10038
8668
4375
2453
8740
8702
6200
5034
5525
8740
4419
6944
1425
5676
6568
6240
8217
418
10121
459
6649
4084
3728
2420
6455
3185
186
6064
7540
3956
5595
7117
8980
5786
5595
4579
8124
8936
2522
9317
4531
2705
248
7786
5786
6383
8740
10121
7151
8740
1982
6568
5423
3185
191
4473
4504
164
5786
5786
8012
5786
8124
8381
1751
7661
4585
551
6854
4673
8125
378
59
9684
5885
2451
6135
6604
7151
7222
3162
5595
3608
8018
8906
2479
4052
5786
4719
6944
7614
6279
2479
8748
9980
378
2664
4142
4057
7566
1257
449
6845
8767
5217
4820
4642
6722
8431
7555
2416
8124
4490
6970
6863
5786
6944
983
6439
5595
2461
4333
6409
957
8018
5786
9673
8012
7593
7586
5217
9450
3982
336
7947
8371
1257
3441
3760
3395
10038
8309
1694
5137
6500
6970
3356
6106
5786
8427
5419
8148
5782
5527
5782
1441
4405
6455
1997
10121
5137
283
7238
1811
9819
897
4676
2664
7296
8900
663
2406
5277
1038
4719
5178
6383
5618
5527
2356
1734
1168
1435
137
8371
6971
5786
5557
474
6670
2479
7331
3028
8832
5031
1920
6944
59
7668
5380
6030
9238
8217
5805
4333
3593
6407
8810
8065
7323
9351
2255
9477
8683
2871
3021
8054
2255
6670
4554
9238
1604
7151
4579
9238
5595
1097
1565
6670
4360
3185
8971
6922
7786
8124
334
8409
10195
2664
8587
5188
9163
9432
1603
9999
248
3483
8740
7450
1565
5684
8148
7203
4310
1880
9238
8124
4760
9210
5595
4349
3824
6722
2907
8227
2522
392
8740
7151
4121
246
9327
2142
7076
243
5525
7092
137
1097
3185
4625
8439
866
6718
5782
5034
3185
8227
5595
5285
3446
2823
4579
310
8
6347
6802
6483
5595
8850
7593
2659
2453
3046
6944
4267
7706
8124
2406
6001
5178
4084
7570
6320
1132
4310
663
6586
1712
4217
4579
1131
9392
7137
4310
3730
6001
2420
8217
5778
3773
8788
933
6077
3702
2103
3561
693
6722
5786
7092
3185
5525
8062
648
9392
742
141
8124
4310
5178
7237
8767
186
5596
8054
6320
5786
6624
1234
7137
663
1444
9727
5786
8740
8123
7323
3608
5313
37
8217
4579
733
6281
5676
6001
8110
2640
7203
8810
2871
2294
1712
9392
6190
6587
4719
6954
4476
8740
4719
4232
9554
2640
3441
7590
9999
5394
6313
10038
5522
6568
8371
9084
2771
5686
8850
5595
6970
5217
9997
1435
339
4349
10211
5778
5583
4446
9392
6347
4255
6527
2522
4473
5313
1077
491
1219
8788
7147
2016
6970
2625
10038
3760
2191
5423
10038
283
8148
809
6407
2183
6922
474
3593
6721
7092
1097
5758
5060
1363
6568
7151
2522
1565
5867
6729
3073
7952
1603
9392
6970
9517
7952
7230
3953
7237
9273
8918
6135
4080
5786
4579
59
8906
5588
1071
2873
3943
6023
8241
1130
7093
8398
6898
6722
5286
8656
6089
2255
5948
983
7185
6974
4579
1799
5394
6372
2404
1071
5283
5522
3276
7097
597
4360
6317
3742
4523
2255
5786
2664
2406
283
243
7045
3021
5786
3337
3857
5126
611
2664
9770
5973
1679
4203
1245
2103
8148
5217
9940
418
4676
4423
6722
2103
4719
10195
7331
4473
7345
1962
3748
8068
4673
2692
3760
6577
1880
5885
9355
4579
9534
6577
1837
5522
5394
7159
8740
1363
6970
7126
4676
7668
889
8484
7679
9999
6664
3356
4523
4289
7381
1577
5178
7903
9355
1994
7888
8936
1980
4289
8676
5786
5465
37
7021
7707
5301
8241
5465
7230
5788
4255
8409
5217
8850
7387
4719
6628
3604
1027
5588
10195
4554
5867
4719
7456
5060
6135
4605
3310
5870
4310
5885
2847
10211
7230
1097
311
7381
8918
4820
4257
1920
7603
3200
742
3730
9149
6347
6240
5178
8124
7151
4719
2664
2771
10194
10195
8309
3154
7570
742
6970
2223
2621
1593
5826
2016
6030
8656
5886
5964
9450
5595
2748
3691
6313
809
663
797
2390
5083
1130
3416
9696
7661
10170
5380
4579
1071
7862
7129
7679
37
5286
6944
9084
7952
3784
4517
1759
1700
6396
8906
9837
747
1811
10058
9128
2225
1962
4673
5525
3360
516
2888
5525
5786
587
1982
7147
8850
7238
6568
6320
1694
7159
8740
6649
2255
9671
1679
866
7994
7953
2581
8740
6455
10211
3185
8850
3804
9071
6944
9634
6970
137
3530
9128
1759
9876
5786
3021
8431
957
691
2547
5948
1305
5380
6313
1670
5885
5083
8777
8428
6313
5277
4349
7323
1670
2416
1148
3773
6106
7159
4360
7248
7661
6038
5786
8565
624
2255
5786
107
1615
4781
6440
5118
9500
2430
4121
584
3185
2255
63
2404
2390
7416
957
5786
3608
3544
8767
2453
7145
3857
8124
4446
6279
1712
4038
2103
6944
663
5109
2871
4152
5973
8466
1403
8740
5178
6528
5334
3337
9626
6317
3185
2479
5018
7323
10038
1125
4642
2705
3760
5926
4310
3185
3551
5875
5068
1801
5786
1670
2255
7092
5686
7323
9500
4669
5518
134
4211
5786
6064
9931
483
1097
4586
4310
527
691
2655
1332
5579
3624
8062
134
9673
10195
10038
2328
611
7387
8740
4108
9317
4360
8036
8227
8061
1565
9619
5595
4490
4719
8850
1010
1278
5369
2461
6604
6135
2328
6190
9392
6892
8227
7862
6527
663
8286
2922
5305
4519
3977
6025
8740
6854
6568
5886
5786
1245
5313
823
584
3748
4065
6190
2451
5217
4121
5334
4289
6721
611
4669
7940
5365
9115
7331
8068
2453
8054
8740
1312
6851
1759
10038
2451
5595
1023
584
2255
7331
6383
243
6439
1361
6696
3185
4108
4349
9727
6001
9769
704
5476
5217
7888
8125
3991
332
4320
5885
9819
5334
551
4038
5595
1907
2103
7331
1734
9727
7238
1361
8217
4310
3691
9678
1106
5252
332
6885
2030
3185
4673
6573
1600
4719
3356
7947
6235
1925
6190
3611
4645
5403
7021
972
8484
8381
2536
10055
6240
8740
8573
9843
8788
2664
5305
5150
6922
3509
4630
809
8936
9825
5178
5790
5217
5949
7566
8152
9210
2451
9392
6106
6970
7101
9719
6803
6077
186
4760
7952
705
2487
7699
6577
4740
283
6578
10020
3849
8061
6030
8710
7222
1980
4423
7387
2601
4737
5286
6482
8810
2451
551
6200
6998
2255
5527
2522
9355
8439
7129
9150
8577
4211
4128
1310
4719
2255
8431
1414
6670
6349
7033
5525
7238
7751
7117
8054
1038
3185
4645
6974
9931
2255
2103
3484
5150
8217
498
9450
8300
2936
2328
4310
5790
2222
459
6944
6944
5786
8431
2114
3093
3760
9980
8686
1097
8980
3913
1131
1759
3356
6433
6073
1097
3677
8740
7416
2522
8431
3760
9843
8740
4211
866
1600
3530
7679
1106
5525
9100
7323
5365
8054
4982
8068
1789
3683
6624
6943
3764
7679
3602
9512
4575
8439
7786
4261
4080
8740
5926
10038
3021
8124
1962
9769
4641
7323
2871
9999
5885
880
9567
6670
8309
5786
5365
7033
1980
866
8300
6320
5008
1904
1811
7202
1339
628
674
5676
5786
3857
1751
3185
2748
7151
7331
4820
9071
2016
1458
8123
1751
663
2255
1565
6192
1880
1130
1421
6624
4052
8241
1071
4289
4820
5595
4175
4375
6638
389
8740
6577
4781
3760
5285
8431
8124
10020
3824
7775
186
1077
9527
2907
6409
4579
1759
3663
1310
5788
334
459
7084
4575
5786
3154
7167
8686
5786
10058
8692
6407
674
8286
5027
2225
5786
1789
3611
1527
5867
5031
9770
1766
6585
6439
483
5528
8837
5595
4730
5525
637
3760
4473
8217
8492
609
1038
7947
6320
4831
3760
7230
8062
7331
8088
191
5786
1071
1798
1920
8686
2969
5527
9317
4038
4310
4310
248
584
9332
2649
8918
4831
9819
1339
2771
7387
9128
1010
1600
4310
5618
5885
283
9300
6587
5786
3784
8217
1038
7331
2142
2664
2705
7690
4519
5286
3604
674
6638
957
1038
4516
6190
7555
4838
611
7323
7387
2114
6695
5595
2016
7888
9300
186
4645
4495
6604
3943
5786
1403
1564
3730
1982
8123
4673
4458
8348
1310
3185
5595
5926
3892
483
2404
8062
2103
5187
8785
4497
8439
5217
9351
1815
8791
1097
8683
7450
8740
466
232
2097
5905
8906
7323
1837
4310
4320
9517
3185
6944
7952
9332
3483
6440
5595
8492
3683
10038
8936
6001
6192
4534
7237
9999
7203
2396
4310
705
4161
5786
4719
1132
2255
5698
5786
10058
3154
3293
2536
8217
6364
8
8740
1759
6944
6638
7830
4605
3169
6696
8740
4310
9770
8036
4719
6649
248
9770
3048
8124
6664
4605
7270
164
9300
5786
1789
191
8448
2461
6439
9228
539
4592
3387
9879
2522
4920
1798
6201
5380
5465
532
4579
1332
137
6944
7323
4310
1696
8492
8740
6240
5595
2544
8740
8112
2544
9245
1577
9931
3730
3185
7230
6970
5217
5178
3730
551
8492
674
1038
4554
4187
9149
2016
7603
9281
7570
5557
9524
6301
6364
8740
933
9019
3905
9999
7253
1982
4730
733
71
1097
809
1103
4557
10038
9837
1982
2255
8971
6695
5786
8125
742
1962
5675
6383
516
6568
3126
6578
4310
1920
6973
2016
4820
3892
5676
5905
10125
6396
3932
5786
7137
9942
6364
2936
8740
1361
6455
1780
2664
1565
6944
1789
3683
1485
3344
7690
9713
8409
8152
4642
4152
5178
7045
7786
5786
6954
2114
9684
663
4360
7953
9517
8577
8428
6906
7082
10211
7684
7668
5826
8217
332
4255
5786
8754
1880
2625
8740
8427
4360
8036
7947
8124
5861
1880
7101
3663
9597
5137
3154
8734
5885
4669
10194
9597
866
8740
7012
8692
8686
5301
4831
9019
6974
637
8850
9280
8062
7820
5527
1734
3285
8788
4310
5867
6944
3593
866
5443
6568
5676
1103
6439
5443
2871
392
7677
2416
823
8114
248
2871
248
7141
10055
516
5786
6030
4592
7974
9843
5118
3913
5786
4212
9767
5187
3739
4970
7409
8152
7882
2255
6347
9312
8027
9300
7230
2016
7790
4310
8728
7151
243
8309
129
2649
4375
10121
4812
1106
8740
7202
663
1310
8018
348
6440
8726
3593
7820
957
588
4982
5786
5528
8227
4719
6944
8241
4360
1354
5786
6892
5805
6115
6135
6696
7668
3185
4579
8371
6313
283
3716
4289
8364
6568
1071
4289
6628
1216
8777
4598
4525
5525
8492
5527
3185
3804
88
8740
8448
6970
248
1131
4128
6587
8076
392
6872
3824
809
4820
10038
4057
378
1939
1027
5217
7101
9238
3185
9502
6722
1907
597
7323
1403
4349
866
9084
3773
3773
3185
3943
4820
5277
1236
9355
7145
1485
5595
3185
6240
6577
9500
9969
5867
7238
4579
5885
1403
5786
7820
7661
9931
6892
232
3185
7911
1097
9128
6396
8076
6803
4667
8439
663
2871
4641
2664
193
4820
8062
8587
7165
6638
4283
4579
8918
5403
1114
7012
6546
5217
1962
5178
264
7165
3021
5867
2811
2664
6103
5595
3185
7345
6455
5592
4255
5137
2108
5786
4349
3683
6568
3943
6073
4656
7882
5178
1815
9327
5188
6974
8309
4360
3166
10117
3180
9327
4519
7001
5595
7230
7045
8740
8740
7331
1789
8687
9342
8227
492
9022
9980
5283
7230
1789
8668
5786
7413
3185
9073
3185
8431
7535
4232
4211
6722
9524
4360
4320
6696
6970
2871
8123
1759
9671
7159
4719
6528
9874
5365
2520
3760
5786
4838
459
3185
5083
3185
8283
4698
4737
983
449
8740
1565
4216
5964
9819
1310
9392
5786
9999
8398
2406
7167
6135
1403
8124
9940
7862
6529
9238
1789
6201
8767
6670
5782
4310
1593
9999
6802
3730
1103
5867
5595
3185
6030
5786
2255
7668
1485
5786
8036
6356
7586
9940
3185
1403
8062
1077
1694
2664
4719
4579
137
3031
1577
6103
5525
597
4631
5786
9554
4310
4217
8740
3677
3154
584
2581
7614
8492
4121
5285
6015
1125
4719
897
9477
3264
6482
4490
8850
6923
2461
587
3185
8466
9115
3075
1485
3180
10154
8980
8283
9539
6347
8740
7947
8293
5525
3500
9392
5786
5329
5060
4261
532
4270
7413
5514
4375
3301
8439
4719
1097
5329
9392
10057
3977
2232
7286
6407
3561
2522
5060
4310
2255
8428
4719
6568
3764
1339
5786
4270
4730
7145
1527
59
5786
9431
5031
6944
8740
9073
6854
1421
4310
5034
5758
4579
3550
5685
6192
2539
8217
10038
246
1815
1789
587
2649
3550
866
586
466
933
5786
92
5178
6380
5786
1907
4349
10121
3683
3331
9567
9999
7237
4310
2016
6320
4579
2664
3943
862
3185
5728
5527
10038
1565
8785
7974
7238
4719
637
3185
9719
7416
9713
4719
9018
7952
3682
6347
191
3773
4360
5949
9673
5283
2232
6906
5675
7230
6500
6944
691
3529
1310
4360
1593
9999
332
5083
10124
7230
8577
1069
9923
4255
3728
8710
7668
8431
1361
4579
8740
3857
3185
1148
6347
5137
8740
6330
186
2907
8936
4052
10195
137
5369
2016
7690
5778
1097
880
8686
5588
6015
4579
2522
8971
243
9238
7593
1038
983
5786
1125
5786
3046
2255
5137
3360
3185
3185
6970
1577
9879
704
9539
9071
7549
7687
6022
4820
8371
10055
5443
7092
2404
4579
4575
9876
1065
164
5886
8241
5863
4261
5525
311
3460
7167
1962
7540
7540
4598
9999
232
8148
8054
3285
449
7323
5948
1615
5596
2539
5016
598
8300
6722
3185
6674
6866
5595
4310
8936
9891
4970
8066
5109
5786
4585
4645
9392
9597
1425
3264
4289
866
7450
797
8492
5786
8293
10038
5289
1312
6970
9837
6944
9673
4579
8740
2142
72
6320
6552
5875
2522
1716
4310
3185
5786
7323
3530
6722
5786
8096
4517
4740
4446
2016
1712
3624
3892
7409
8439
10195
4818
2907
4414
10038
7345
6338
8118
5137
6628
1615
5885
3441
48
8683
4289
4579
6944
6954
4423
2823
9022
6439
8286
4423
5819
5786
3484
4673
121
5334
2522
4592
3484
4152
8129
6971
5786
5786
1939
8850
9392
2847
3185
1023
9317
9323
4557
6568
2103
3608
4360
4970
3031
5419
6722
7033
4579
2479
7323
663
1565
8906
6528
1310
1615
7076
7331
5786
1444
611
3200
2097
5051
3046
9597
2884
7001
8936
5786
9084
4019
6604
9969
4807
8348
6190
584
809
9342
3275
3021
1766
8740
8455
8227
9238
6089
704
8740
4673
3484
5178
164
7145
3154
5786
742
7426
2016
1038
6803
10034
6638
6317
7331
6338
1441
8309
8850
6338
3031
8194
10038
7093
6854
1310
10124
6902
8686
3264
6235
7147
9273
6212
6440
9767
6115
4673
3356
7230
5786
10154
3145
3285
2223
8995
3550
5188
5786
3048
8936
1940
2404
5819
4419
9999
4310
7159
8936
7318
4375
7323
1485
6396
7820
4831
5867
8740
6281
6212
7045
1759
4642
1103
9392
6726
9317
9238
3943
7677
3046
121
6604
8740
3943
7202
7381
4676
9525
7456
5305
3544
9073
1097
6973
4121
7677
6892
4592
248
2108
141
9999
6568
9280
7076
9710
5667
3185
7862
6944
9770
1880
8062
8983
7282
2934
4310
8283
5380
4534
7033
8076
3760
3977
7151
8980
3658
6540
3310
4360
7786
4159
5595
4710
4052
7549
3344
1421
6025
7331
9273
866
6552
2522
6330
9719
10125
6015
866
6944
8850
9995
4310
56
10038
4719
6089
1103
6439
8971
7230
8148
4523
3021
9477
8148
8788
3892
3544
4490
8740
866
7382
611
6038
5786
4579
9450
823
3943
3663
5684
1759
8439
8096
5394
6320
5786
8353
5595
7331
5885
498
3604
8431
8740
8124
8810
4142
7230
6439
6235
5301
4333
5021
7331
5786
4289
9673
2987
7535
8740
6970
6892
4641
3041
8740
6695
9980
8448
5786
4579
6577
6106
8283
7238
1310
2255
7668
1603
7230
3593
8686
4423
2863
1148
9769
8054
6974
2664
9534
4360
1600
9634
4667
823
3784
9128
4267
9980
2664
2192
5885
9727
5973
474
4970
5008
2453
3663
9942
648
7952
6854
8118
5786
4310
1759
3126
6313
9141
8431
1130
1038
2103
7820
5786
2406
674
9554
7230
9238
466
5867
3356
5786
7687
1789
7862
8740
6194
2114
8240
3028
6802
9539
9727
9879
5557
3764
3041
5365
7413
2713
7331
1880
2255
3185
10195
1920
5283
5014
1131
8740
6944
4579
9727
7145
4152
4579
1332
8656
5528
8980
663
4579
8788
7786
5595
7952
4579
4838
7145
5217
5786
8300
9626
1925
7903
4719
6528
7995
4473
5885
1700
3121
7535
1347
1097
6970
6845
9432
4375
5252
3742
74
9351
4555
9770
8386
4310
7151
8106
10058
8112
10211
5685
7947
8286
7661
4719
129
6944
598
4579
9819
5786
866
8088
4310
2192
2664
6106
4378
866
3484
866
221
4669
6022
6722
8431
6722
3093
1798
9932
9073
2713
8065
4310
1679
2668
4719
8668
1780
8850
4472
8283
72
611
2771
9713
998
418
63
4625
6396
3663
310
3804
6674
1038
7331
6338
498
4423
4669
2016
5786
8740
5178
8431
2416
7101
5676
10125
8740
4585
866
9980
7082
2191
3399
3716
1962
9226
7202
5008
2534
6483
809
8217
6854
8439
164
9980
5786
5867
3264
7699
7331
459
1365
3185
6944
7888
6552
1962
3530
2469
48
4378
6970
6192
1759
5034
6338
88
5380
1305
2255
7117
5786
5885
6392
7076
7137
9100
5773
1712
3075
4656
8124
6212
1759
6674
4310
6364
3093
8740
7296
7238
6106
2713
3185
283
9719
4579
334
933
2771
4310
8740
1236
137
2453
6953
752
7147
7089
1106
5527
9879
8018
7141
5676
6638
1801
2547
7331
8152
5684
983
9355
6500
2871
4289
7230
2451
8740
5583
4575
1518
2544
4519
5786
4360
9696
5905
2602
9719
8227
6568
9678
10121
7021
3185
8309
5786
2692
9581
6001
998
6944
5289
6064
7535
9770
8217
9931
3624
3360
1789
7147
5334
9745
3520
3185
3185
4554
9392
7230
6587
4495
9874
4575
5163
6722
9019
4375
7033
1980
6695
7084
3760
4419
8018
3784
7661
1236
71
2030
7786
8217
449
6944
7093
7699
8918
8125
4472
7586
5403
3337
10058
1677
3905
6347
6944
4261
8
7151
5109
4517
809
3021
2103
1982
4419
5786
8668
8124
5885
1132
6106
5014
5016
809
9999
3264
5060
74
9238
2030
663
1700
1604
4063
1625
8227
7345
7426
5953
8076
1766
378
8971
4523
1097
8791
3509
7862
624
7323
8740
9392
8740
6892
4310
8980
8728
3185
9843
1077
2847
8227
598
6064
8726
4310
4216
9534
107
5423
1696
6695
8381
3544
611
1780
3561
983
232
7593
3484
378
6944
2771
8740
8
4579
129
862
1801
137
4310
4360
5595
5423
5018
10038
7331
5031
6944
2520
3593
7387
7862
8936
4310
5949
10038
4820
8740
7754
1880
3293
1574
8227
2534
134
6279
4710
1219
10195
4676
867
4108
5926
8740
283
1694
6974
8217
5443
4360
9767
7862
8309
1518
1759
459
9727
4625
4730
9652
2668
8152
866
6944
7141
1125
7238
283
8995
3913
4211
1216
310
7593
2225
4719
4310
3275
3624
6568
1907
348
9439
3185
4579
9210
7535
2884
9534
1365
5786
9191
7535
491
1759
7345
4669
7203
2601
8076
4523
6577
7238
3185
6578
1354
4340
9439
3956
6482
6970
6944
5867
5527
5973
4698
3185
4310
1097
5060
4310
586
9597
9999
4310
2255
7076
6500
4152
1077
4579
1679
8675
8062
9923
5973
5786
5178
1103
5313
92
9767
9671
6540
8740
7141
5443
7549
952
5060
7151
6664
8217
2430
2108
6998
8740
4673
5886
4579
5443
733
4360
4152
6974
4446
5329
3185
7775
2534
9500
6604
6872
823
866
7117
4719
6103
6892
6970
4579
7345
9392
5068
5973
8455
866
5217
7661
8740
2103
6568
9710
4310
9673
611
5786
4310
4579
7286
1920
1421
3873
6103
8309
5867
1939
4719
4378
6845
3344
9450
5786
5973
5527
628
6970
1038
6317
9018
742
1789
704
5527
7001
9210
6944
8740
6944
4523
339
5786
7786
6073
9980
4579
6954
8998
8124
4656
4080
5583
752
56
5786
4368
2255
7230
1603
26
8740
4579
3982
9673
9191
6944
1023
9073
6455
7323
3185
7199
3416
264
6674
998
7707
2705
9767
6670
2255
5786
6577
8728
10038
8148
7409
3663
4019
5163
5018
1485
9191
1880
10020
4289
9392
6030
6330
7076
3624
4642
9719
1907
7323
7862
9312
4340
5684
8837
1904
9150
3702
4473
8283
3593
6944
8587
5885
3924
5060
2967
2187
5527
5726
6974
8066
5579
134
4212
9238
2520
9931
4760
184
9825
5926
2659
4719
8371
8850
5676
5867
9770
5098
6802
9432
3593
9317
7566
1994
674
2969
8850
5885
4473
3337
4257
4270
5786
2581
6729
5676
7117
4579
597
2255
6664
3977
6954
4230
5786
1441
5676
4645
8114
4982
5163
3760
957
4579
7331
8421
2581
704
7707
8587
7677
8364
5786
5476
9071
7706
8286
9019
7323
3691
663
9128
7995
5684
8283
7851
8740
6866
4579
3028
5886
5867
7238
4605
3824
9980
3932
9652
6944
4310
1278
8740
4216
9281
700
4310
3760
5016
8300
5676
1278
5277
7566
1759
9923
4820
7775
8810
4476
6722
8791
9619
7668
8740
8241
8740
5973
6578
8686
586
4152
5163
129
9999
5676
4360
10125
2748
6892
8936
6854
4812
2534
7995
9477
8096
5786
7238
4084
3276
8656
8124
9727
6201
4108
2451
2103
9940
1880
1600
8068
6970
10057
4261
3185
8740
5237
5786
7862
2451
809
1789
2103
5595
8740
1759
637
8032
2420
5098
3500
1801
5949
1216
7456
8062
3185
9942
3611
5237
6923
1339
6440
7296
6552
6866
7115
9228
648
1077
7165
6482
7045
8427
9673
37
4152
1712
6383
8690
8427
3185
1798
4605
1593
2602
74
9517
2871
9769
8439
1904
2225
2539
4760
3924
1485
9931
9432
8241
2255
8107
4472
7409
9392
9502
7775
6529
4982
5786
4360
705
8227
6944
2771
6383
9238
4476
1077
693
10057
3961
59
4360
5527
248
7151
4517
2705
5786
186
8740
4257
8971
248
7707
7147
5583
9652
1565
37
5150
2522
5137
5083
7952
2255
933
4598
6527
3041
2601
7482
8740
7677
6235
7668
5098
8740
9923
7084
10038
611
4289
2770
628
9712
5786
4579
7238
1106
6568
191
4310
4052
9327
674
6803
866
2659
243
5773
4458
2602
5778
5786
6439
6552
5217
8740
8148
498
6483
866
7082
3500
4656
7661
3308
5252
3509
8076
2223
2294
3460
7953
3185
2223
6628
7237
9719
1939
5595
8152
4730
1734
4161
5805
3550
2451
6546
663
6455
7331
6330
3185
7911
4472
1103
9770
3185
6944
5948
2692
1312
4555
9999
3530
6313
2469
4579
2640
4719
3716
4473
6902
5782
9238
1694
5528
8740
3760
7555
9719
8676
3551
8587
4080
4310
6944
8448
7012
7953
378
6674
8980
37
4414
6409
3185
4310
5676
9931
3593
6103
8062
1759
3387
6439
7570
5021
6577
3310
6695
3537
6722
10020
2114
4820
3593
1027
2114
2871
2103
9084
2103
7076
9392
1036
4360
5973
8740
588
8767
8726
1065
586
9634
8936
8565
1789
3395
9502
8300
9323
3943
6577
8728
9149
6970
8241
7202
10057
2539
9999
1904
1038
5786
8850
624
4669
8227
4579
9843
8054
3718
5786
8124
6190
5137
2950
364
3943
2668
9317
705
5334
8810
4310
3530
6902
2713
4108
4057
6839
4579
7117
2811
7862
8032
4820
7296
4740
7151
1131
9128
3360
5790
8292
5588
5948
59
4360
9554
3185
5579
8283
4579
7089
7940
4360
1097
1369
6281
4255
9086
9769
4719
5949
7947
6201
8740
584
8458
611
7266
800
9312
8062
4310
4719
9999
8062
4631
10055
7084
1027
6077
747
8995
9999
6578
8110
5595
752
2114
7687
1291
7830
4310
6778
6568
4360
8726
3360
7947
184
10038
6944
5286
1278
6851
2114
4982
5118
184
7590
107
1565
7862
4019
6802
9931
2232
6718
9455
3021
6380
7117
7686
3185
5786
191
4108
3308
7590
3677
7888
8819
4310
1441
59
9769
8381
4175
5528
2255
2255
10038
3416
8036
7882
5786
3604
2873
8124
7387
5163
4719
2225
8906
4057
1071
418
4673
4575
4121
8734
8148
2748
8767
8980
5014
63
4781
2016
9450
9502
1734
1036
4276
6892
8740
2522
8492
5514
8906
5786
1097
3515
4276
5676
9999
704
4982
559
7882
705
2294
3824
5870
8777
6529
1880
6235
6970
1339
4161
348
5583
8124
624
4310
4360
7450
3520
10121
4333
8980
7238
9351
5595
4063
6546
5685
6529
9999
6954
5595
8227
6845
3742
4719
7202
9626
1339
2187
6649
3593
2255
6839
9713
5150
3162
4719
5334
3905
3544
2328
5786
5786
5885
3683
5778
243
880
6440
6190
5423
8565
1310
4516
5786
1132
6455
6973
6040
2692
4667
9769
6695
1414
6649
6482
5726
4579
6089
5083
648
7677
9997
8740
4360
2847
663
9432
4497
6568
7862
4575
797
6455
5885
5867
1245
6778
8398
8062
8740
3663
4585
10211
6970
6726
1600
7903
8740
6722
7707
9923
9767
2873
8832
6778
2601
5686
7707
5686
9636
2863
6500
5443
2144
8286
3537
8148
7001
4737
4818
7679
2222
3387
1435
8936
6638
9678
1939
9710
2487
8936
5953
5595
5867
6568
2114
7661
4517
8455
6568
5667
6313
5786
6089
1097
9767
4360
844
7820
5953
5380
3387
4579
5786
9477
4730
1759
7677
8686
3932
7137
1789
9819
2664
9947
7101
8740
5786
9392
6722
6281
2016
4310
3764
8740
9652
7323
9392
1354
663
8788
4175
1574
6320
588
5885
6722
4579
2255
8106
5217
8463
8431
2192
1789
3416
8032
1759
3275
4476
6696
3509
7238
6839
5786
3611
8740
4159
1577
2969
10038
6383
7145
7387
4579
2950
933
3046
5786
7862
9673
7151
8194
4375
7699
9245
3041
8767
7238
6726
8740
1734
809
8740
2692
7082
10117
9652
8110
7953
2692
3484
2255
7151
4142
4667
5000
2404
9392
5018
1593
5926
8152
7482
1131
8850
4230
3873
4163
3561
742
1369
6722
8995
5863
7775
8124
2520
6863
7129
637
4737
10020
8309
588
1789
8810
3742
8740
1980
3561
809
7888
5686
6015
1219
4579
4375
2142
8431
8124
3185
9273
8869
1759
4820
4261
5443
4255
4175
498
2522
6201
8227
5786
8788
56
7409
10211
6722
7033
5135
1310
6190
587
2103
611
3730
6317
5885
998
8676
3561
7238
628
5973
6409
6190
3573
3982
5948
3561
1097
6898
8148
4970
5394
809
4575
7994
9342
9517
5698
8668
4737
1069
5252
310
2487
7549
809
7661
9634
1854
7566
9238
7012
8767
4555
8286
4019
1925
2255
8587
8227
4261
6115
4187
7222
6347
3784
9932
5867
9999
3760
7790
1789
1759
983
3075
2255
2544
4232
9767
8740
5595
2479
6854
3773
691
8286
2934
3905
4579
9210
9392
10121
4080
4579
9767
3520
4920
4719
4673
8676
3991
8148
3395
3441
186
5443
4310
4057
5905
663
2936
8241
6455
3285
6023
6638
9532
466
1734
7323
4310
1821
5885
6923
4152
8217
9128
9999
9517
7820
8484
6392
6212
7687
2114
9238
9238
8971
7115
8850
498
5885
9980
9769
10121
483
9923
3500
5773
6587
8740
2536
3702
6944
584
4419
2922
336
3200
1997
4656
4423
752
88
1425
5964
6638
1962
8837
8227
2664
5014
6313
1131
4519
4642
5217
221
1305
6235
5786
5786
1421
5286
5786
3447
1789
459
9673
5188
8062
6970
4642
3356
4212
4534
597
9512
4349
6695
9770
3683
7947
5786
9712
334
5782
8686
5686
1071
4472
6587
5525
2097
5527
7237
3356
3395
7690
3200
663
9673
6923
5527
9477
1565
663
8431
8036
2213
6577
5885
1625
6638
6970
1310
4080
5595
6201
5016
4812
1365
7185
7593
5285
3873
9696
9673
5885
866
2255
7202
5068
5782
9525
9567
6025
7381
9995
516
4152
7911
8810
5595
5476
9947
3691
10038
6274
7167
3185
48
3484
8381
3663
4163
3760
8740
6803
6892
9619
7851
6115
10055
5588
9713
8124
1369
1027
1291
7382
4579
191
9512
1421
5126
7238
4216
547
3387
1625
3921
9843
7151
4719
2863
2016
2811
6194
2936
5595
3760
1604
2396
9825
6568
7661
4490
9534
3185
5786
3356
5786
9770
704
8455
7092
3544
4555
4057
3121
2659
1038
5790
6944
5301
4142
9351
9999
5786
603
4423
7230
1103
5329
1994
9642
637
8076
2191
4270
516
5905
8564
8971
2294
5885
3185
693
4579
1097
6664
9995
4360
3561
8668
5595
7253
8728
7614
2907
5234
5334
1600
3075
8832
3716
3996
6670
4972
7684
5595
6077
5819
8740
6546
7151
6722
7707
4519
5021
6201
6371
663
2232
5786
9891
3293
7151
8740
4211
9835
8409
8710
1097
4360
7426
844
6585
5786
1036
2520
4333
8983
5786
7331
243
8125
674
8148
957
8936
2390
9835
6455
6077
4962
8837
4656
10170
6115
4108
4673
7145
6802
3924
8194
8217
3956
559
6839
1789
2451
5443
2871
4216
4531
2907
2479
5476
3663
6726
8054
1759
3185
8740
983
7706
7593
8054
7331
9710
551
8740
663
1565
8371
4360
1615
5866
8088
7323
9567
4719
3073
9999
8309
1854
693
378
1962
598
1311
809
8850
9317
6440
547
2114
1821
8740
3212
4310
1441
5060
7248
7076
6944
1106
7614
1759
4057
8740
1734
797
6482
8767
5786
4982
4175
8832
2103
5178
2016
9874
4310
9238
9392
4360
7203
4405
8740
4458
3991
1799
1527
2255
4052
6604
1132
4579
6577
8728
6573
5029
7230
2142
4368
6383
9770
4414
8936
4579
4175
8788
4579
9819
3784
8740
7323
7586
4211
6577
3573
4217
8740
2705
8124
2114
7387
9273
8740
5051
191
6944
6372
5083
8309
7426
8906
9999
2144
8118
4310
6392
4163
7482
5465
3185
5786
3530
3185
2453
6778
611
4605
8065
1236
6577
880
7159
7323
4730
3611
1759
5527
449
5595
2487
897
5034
5885
3509
9162
1751
7614
663
8740
4423
3730
6998
5778
8217
1310
6546
2114
6077
1354
5301
4719
5786
6115
8594
7668
74
3185
7076
6440
6482
4676
6585
107
71
2692
2294
5786
4719
3185
4625
5867
1734
3185
4163
4579
7230
5527
5595
1036
9273
265
8906
3483
1219
7707
5334
7684
4730
7331
4504
8123
6320
7947
6135
1766
1798
2016
4310
8227
1097
809
7786
7995
6022
2453
5592
6483
9477
3905
1759
5786
7126
3611
7947
492
1485
1027
7859
8455
9581
248
4575
372
9999
1435
3742
8983
9980
866
809
6433
9891
9019
8675
10121
5527
10038
2390
4820
2451
10211
4108
6364
21
378
7323
7147
4038
8124
866
3718
2479
4310
2232
1038
3509
10211
2692
3921
1854
3760
8683
5234
8148
4555
9273
9626
10125
7346
889
9300
9532
6803
6077
8850
6455
5286
3773
4579
704
2547
191
5411
2191
3509
3604
8998
5514
6638
2655
648
5522
5786
5726
4719
5728
3529
72
6722
459
3021
5786
4255
9999
5819
4719
6696
7387
6954
3185
9713
3500
6954
5729
6892
6628
6974
4970
264
1789
4310
5217
586
2664
2770
1565
8054
1069
8850
7076
8832
8906
2420
4642
2547
4620
6356
1811
6274
9455
3185
6540
9355
9876
6923
4019
7346
232
1421
4152
2016
9238
5060
7679
2108
2692
4710
3593
9512
5786
3308
3760
5514
8124
3028
5443
1234
5786
551
6586
8740
6364
7097
3537
8065
7911
2871
9671
6212
8740
5676
8740
9642
2748
7270
3509
2536
3924
6527
1071
2833
5973
1106
1759
8702
8054
7679
700
3264
1759
2664
9719
2536
9327
1615
4534
516
9281
1485
700
9931
2103
1565
1962
6135
3760
691
3602
8668
7586
8676
9392
2255
2416
6892
7387
5786
3387
2602
3185
4719
7159
9999
889
2692
1907
7238
6568
3760
8148
9614
8240
3416
4523
5863
7092
8240
3310
10038
5786
7323
2871
5886
5786
3430
9001
2544
5527
2522
8726
5527
3180
9999
4579
186
9652
6726
8348
5528
9969
7947
5595
5786
6392
137
2416
4152
4719
6587
4057
6624
8148
3185
7092
4080
9392
5964
2406
7331
7903
7331
4270
9975
1798
4261
5443
5008
6064
10194
8114
5411
9694
498
8998
5786
6330
8227
7021
8740
8062
9238
8740
9392
3677
8740
392
6483
7677
7952
5289
9527
5596
8054
1615
283
6898
8286
4378
3166
3154
9512
9942
8692
1780
9300
8785
3500
9450
4667
2771
7699
392
4310
663
6540
1994
5178
1670
4360
3677
1131
8726
6313
8740
9581
8740
747
243
9980
6902
7101
10121
6944
5786
7661
6364
7994
8217
3185
6971
9022
9969
7690
5518
2771
4414
3185
88
7651
8565
8421
5016
5289
5188
7282
8152
3264
3185
5786
663
4310
674
9999
9527
5525
3185
4255
823
4163
459
2668
4497
9191
5595
9554
5178
2016
59
5786
6854
5826
588
5786
10154
8293
6944
7089
2016
7129
7706
3742
1789
8777
8300
9431
1604
866
4719
8740
1854
92
8439
1712
4080
5525
5083
2547
611
1097
4838
8124
2987
2664
6038
4820
6885
1236
7677
2114
311
6001
1131
6106
74
3021
6902
8936
5528
7668
1837
2664
5786
1600
8062
2664
9210
7129
866
4641
1789
2863
9745
8018
4579
5178
4175
5443
539
4333
7222
9150
7093
5949
4579
4310
1577
609
7661
5476
2487
5964
1789
6902
8906
2487
10195
4579
6115
2520
4052
10125
7129
6372
8484
7141
7482
5885
7535
6970
5786
2097
2451
5790
7603
3021
9626
2479
4080
6778
5583
7614
4217
3977
9969
3742
3663
7167
10211
5014
1425
10057
7952
5334
8431
1106
8740
8740
5583
1305
5527
5675
9736
9874
8124
8293
1565
3483
7230
6372
7082
9355
4217
4310
4579
3544
9770
8466
3145
663
2406
3154
3416
9999
3331
10055
551
6455
8906
3816
6301
9355
3185
243
5465
6482
8241
8124
7911
2967
4289
8983
2225
4310
5867
5675
8152
9238
1131
2103
5163
9619
6726
10195
4360
4310
5786
4719
752
9767
8740
9392
6696
2103
5786
3337
6726
5525
2016
8409
7684
3293
2833
9086
9767
4310
7413
4669
2255
8123
1600
1132
8241
7687
9932
4579
4820
3932
10211
3682
9980
5786
1600
1086
3530
9969
9502
5527
1027
2547
6077
9073
6135
603
243
9969
5583
6974
7141
283
4525
9626
9770
9517
588
2016
3185
2692
7021
6885
5528
4982
10121
1734
5595
2420
4719
5595
2406
2187
6200
1339
866
5786
3913
1574
9969
9455
1097
516
1097
4360
9923
6970
3460
5369
7145
597
3530
5394
243
9022
5443
3551
3719
9392
6483
9767
8995
5926
8428
5289
8439
1106
26
3608
5178
9923
8293
8062
2356
372
1097
474
137
8810
5698
8740
1759
1603
8286
6718
7323
1038
9280
92
5819
6944
1962
4579
8194
3154
4719
5885
9392
2255
4673
3956
1403
4641
7686
9673
6022
6628
3185
8740
9317
9073
6970
6568
2487
1907
9673
6568
1734
3691
6885
3760
9999
1310
3961
6347
5786
9228
6922
866
2461
4019
1421
4310
4108
4962
2770
3399
7994
5948
1615
809
6568
378
6089
8062
2255
5394
3857
6649
8217
8740
4458
1106
1759
5953
6383
4586
7093
5137
3730
2522
4667
6585
4579
3185
4970
7296
5905
6240
6974
9392
4719
3849
10117
3185
5365
8740
3337
1097
5885
4405
3185
5237
6347
1766
5305
2404
2479
8740
4641
8300
5870
7449
3046
6371
5394
5527
663
3185
6528
7092
8668
3932
1565
5068
5518
9162
8371
862
5676
4360
4255
8740
5885
9323
7786
866
8791
8124
4641
4320
8125
7033
4495
283
9999
10038
1339
5786
691
6872
248
8740
3677
6944
8687
516
2114
7862
1130
8148
8740
1759
5334
243
5786
4152
1565
56
1097
6803
9238
1369
8740
6440
7754
6015
2907
3200
4142
2771
5953
8032
7882
609
862
6279
8381
6015
8565
8702
6568
4740
3943
8740
648
1421
693
742
8096
5579
134
742
7922
704
8565
532
7230
539
691
6973
9500
1097
8850
2016
2255
9710
9969
1789
7668
10121
8740
9071
6944
5423
8458
7331
8740
6440
7593
539
2522
588
1734
8241
2328
6482
7117
3760
1565
7690
4525
9710
6455
3663
8293
889
3658
8728
3530
3624
5014
7323
6023
3185
9980
2461
8054
4283
5595
7409
742
705
3169
48
628
10055
8484
8577
7323
1600
3924
3905
10038
4375
1759
6586
1310
248
6392
6338
9450
5786
6631
7237
1939
1789
3075
4310
9980
597
7830
9500
2255
4057
7387
6064
8577
7230
186
4920
6427
7093
9019
8692
6568
6546
8148
248
8740
1600
6313
7097
8740
6670
3180
5285
6802
5595
5528
2625
2016
7786
7222
7668
5305
9819
5667
7482
4669
9975
3537
8124
7940
5443
8675
6954
4831
8995
5118
5443
3483
5595
9891
8692
9999
6604
9767
8819
10038
4108
1354
6954
3509
9931
8036
4310
598
5726
6872
6455
9719
3185
2833
3185
6023
584
4211
609
8980
516
3702
8448
9226
3873
9392
6970
1236
1789
7151
2602
1798
5698
2969
6944
9128
7862
5786
4605
9614
5329
8348
8124
1441
8124
998
2833
248
1421
9626
3185
3028
1106
5289
3180
5786
4698
3816
4719
3185
1234
1339
4375
2191
4187
4310
492
8439
4340
952
4579
6212
5973
6455
598
7145
8971
6973
9392
9999
5163
6194
6944
4585
9837
4320
8283
691
1132
7603
5729
1920
9226
5863
4579
59
3728
2936
7952
889
8124
8850
5008
1421
8484
1485
9527
8148
9999
3804
1759
1310
4414
5773
7238
1010
418
8740
5786
6347
10038
8971
4414
866
4555
6371
7145
5786
10038
800
1132
3561
8217
59
2016
8293
6396
3956
1125
4310
6718
3185
4557
6455
663
5595
4084
9999
2144
3824
6974
2222
5786
9273
5786
378
6190
48
2664
9835
186
4579
1036
6235
4289
8431
5786
7786
5595
3924
1565
3154
5595
8740
4579
9392
7661
8427
6320
8466
5527
6240
1677
3121
867
1677
3166
4554
3663
5786
9694
1097
9719
1837
4360
378
742
8124
2621
663
8032
9819
2771
6349
6022
4405
8217
4812
186
4310
5686
9770
4669
9392
5867
9673
8850
5867
283
1696
5178
4057
5728
7238
8439
527
588
92
1361
3154
8906
9710
5234
6371
6023
6546
7033
5867
588
4310
3873
8728
10211
4310
4152
7345
1086
4575
2713
8458
9619
4555
6944
5819
8740
7590
1403
1369
6038
9969
4057
866
1565
6892
3308
1604
6631
5786
5826
8687
4579
5676
9636
3730
5252
5786
5029
2016
4673
2103
5018
3608
8217
311
186
248
9619
693
8492
9084
3702
933
4310
5527
3169
3356
8728
1339
7661
6954
4719
4962
6338
1980
3529
2255
2907
5885
3529
7387
8241
2602
6235
9502
9671
7147
9767
1071
5016
4972
2016
9477
9777
4038
8123
8018
897
10195
1065
474
3185
6106
663
4737
2536
2692
9696
2936
8386
3154
5786
4360
7381
823
8740
2479
6407
7947
5178
6568
5973
6854
4310
1305
9642
6030
5150
5786
1577
10121
3716
9431
1734
7092
9534
8692
7995
2103
7076
9629
7323
5684
9923
3730
6568
4781
551
8686
2451
1564
6898
5118
6944
9525
5465
1600
7751
7947
5782
348
9940
2213
6944
8
7751
3742
4579
3977
449
1759
7092
6898
2225
9477
5365
4159
4579
4310
8740
5595
7296
6998
4472
4579
5217
7994
5595
5729
6433
9673
8484
7456
3500
8740
8702
6664
1799
466
1496
9999
1036
1148
8740
4631
7862
2114
3683
6313
8062
1679
232
1700
3460
6854
9999
8740
6892
4630
3773
2934
8152
6529
5964
2461
2940
6722
9022
6115
4310
2664
5885
9999
5885
4517
1577
5861
378
7482
1485
3484
6528
10121
9228
3520
584
3683
3446
1759
6944
4375
4360
248
6670
8062
8681
4579
10038
1305
8148
8148
866
742
9694
1421
3185
3529
5596
3185
4719
742
866
3416
9581
7092
1310
7230
8431
1604
6944
6973
6106
3360
1677
5788
2640
8112
6604
2255
5786
5118
2255
6628
6854
7033
2522
4340
2192
6944
1065
5786
1600
5031
1441
8123
8381
5926
5786
3509
7382
7345
232
8
4310
7449
4554
5791
4579
1670
5786
8371
1527
6317
6970
2430
5419
6527
243
7323
1734
8241
3728
4719
8458
2255
2692
4575
141
7092
797
4982
6455
3658
1219
1712
2888
3742
4310
8788
3742
4349
2522
7323
2625
6064
972
5163
7911
7076
72
348
3537
9837
9999
1603
4152
8124
2936
3529
9614
8348
5334
3046
5029
8788
8740
1980
1023
5790
5334
5217
10038
2191
6953
5685
7076
1565
9534
663
4057
9876
6281
9969
8439
9273
4517
418
1518
1103
1518
9392
5885
1798
6240
2016
3185
3154
5000
6023
8076
348
8428
8728
2416
4575
2142
4473
9769
4310
7387
3804
9942
10057
6274
3484
6638
3154
1369
4310
6974
8032
7549
7076
4760
7082
184
8061
691
8148
3185
8850
2255
3185
5137
4554
6064
7230
8466
8573
8740
8124
8971
6552
4809
3663
7540
6722
5150
121
7147
4217
4405
9980
5885
6135
983
6568
3344
4038
3275
6898
8054
8088
10038
4730
9874
8906
2103
4490
4065
5786
3730
8309
4270
6040
5778
8936
9524
2451
8054
3093
2547
10121
5394
8293
3028
3145
8148
1789
4057
7323
3691
4592
7145
5786
663
1347
6212
1065
378
107
5595
3387
2940
3310
3683
5514
700
9980
4283
733
551
8012
6922
9999
8850
2016
6313
8124
6726
1310
9517
129
5791
6025
9550
1257
1837
5863
2255
7586
3185
6664
310
7084
5786
4641
7151
597
6631
3739
5786
6944
7126
8740
8850
26
3956
8427
10038
7947
9550
2967
866
6364
4710
1027
8283
2223
5188
3344
5423
4676
4495
3760
5286
5667
8062
9642
5786
6320
378
3593
6001
9835
7687
9332
8148
474
2664
2030
1982
2328
3509
8740
1425
5686
6802
5394
9999
3760
5525
9392
5525
4970
8492
1071
7089
4038
4719
6347
6974
4620
2016
597
1751
2016
243
7614
2396
2668
3624
5867
6089
8148
10058
7270
7248
1565
3356
5595
9710
9392
5675
5786
3593
4982
4360
2487
9019
2934
7147
8777
1097
4730
248
134
8428
1759
4982
8740
747
1696
3484
4920
5786
372
9769
6106
9450
6638
1564
1257
9879
4495
5579
9770
8431
7331
5178
8096
5525
2114
559
6433
7566
5000
9999
336
1444
4642
2232
9238
3730
1789
8062
1565
6135
8018
6073
9999
1485
9100
7115
3593
9673
6722
1310
648
7145
8227
3031
4698
2255
1759
7093
9581
1354
1069
7535
7409
6722
867
8850
9999
1369
3913
2114
5885
3344
3430
8148
5187
1027
8431
2649
3021
8777
4057
597
4579
6973
3730
9392
9280
6546
3185
3169
8767
7593
10195
3943
5786
193
5786
1077
193
2771
7699
8565
2664
9524
1086
9327
8241
2016
243
3360
6631
809
1234
8217
8675
3943
5522
4719
4575
3593
4579
7296
5867
3399
6970
4152
9432
2108
1010
5034
7859
9819
4423
1347
8740
9876
3892
7323
8124
10211
4579
3185
3849
6235
3943
5008
4719
2705
1234
5885
9634
9392
3185
4820
6970
1310
3021
8690
449
5380
6628
5527
9191
7021
2255
164
4579
5394
2016
3873
4669
1236
243
8463
5782
516
4057
5885
1565
4585
4497
551
129
4080
4063
844
7540
7707
1131
7677
1694
674
2581
597
5618
4476
9317
6313
1939
4490
8740
9550
1354
5178
6190
4579
498
2114
6064
492
3961
9825
1435
3716
1365
3344
1962
3185
9071
7549
1716
9327
8740
2771
8850
6330
4579
8850
2223
6568
3913
7754
5676
1700
1234
2664
1403
8148
5380
2222
2907
598
1565
8364
8564
8777
8061
7033
6540
459
1086
3550
7151
7382
9719
7238
8676
9392
3031
7021
9767
6192
8124
9770
8788
5595
9022
5137
6455
283
889
9550
5786
6235
6455
5514
7707
8740
2871
7238
9517
5786
1759
3417
1766
4719
5018
7151
10058
2602
8740
9525
1132
7786
9210
8734
742
9931
1994
9694
6970
704
6944
5178
6944
704
8458
1815
9228
5051
6973
1759
6568
9128
5595
8371
3185
8114
10038
4631
8740
8767
1700
5786
4557
1496
9619
6624
742
4585
705
7230
7677
3760
6392
5786
9191
4519
3956
3730
4579
4310
1216
4820
4261
5217
3611
1593
6190
5973
8309
6944
10038
4419
4523
705
7323
6235
3943
6500
9931
4579
7413
1106
9947
5126
1354
8810
1354
5686
8124
1670
6330
2581
3264
862
6998
704
4730
4052
5595
2406
8740
3544
6944
1780
5726
6778
5283
6670
700
7323
378
6638
5885
4642
5867
1010
4982
6944
5675
5953
3185
7535
3663
6568
663
4656
1219
9342
7409
5786
5187
6106
8124
3924
637
6854
5394
7021
248
6944
2103
2888
6317
6872
1339
5885
4982
3520
2016
6433
9969
6372
4719
10055
6885
4579
6944
6439
1577
6944
8740
4063
184
248
3748
2922
7230
1766
191
7323
4519
8371
2863
7296
9770
4730
8918
8112
880
5313
7323
7911
1712
733
674
4360
5380
7786
3387
72
5786
9767
348
5786
9969
7185
8777
6631
8577
2030
3395
7165
8386
9999
1114
1421
1421
5528
3308
9767
4598
8740
1798
3663
1940
1097
866
2487
4579
8124
2664
5758
9392
8740
8692
7482
4310
483
8114
5068
8675
6568
3956
6906
4579
7159
8439
7331
5786
8309
4605
8971
4310
9980
6500
9999
8107
1125
1670
8088
191
7456
5150
3162
611
1305
221
3905
7230
8062
3185
1403
7707
1425
8740
1734
2520
4310
6577
3683
7586
1789
598
1593
6892
4579
3048
1131
7540
191
3031
2705
6455
7323
6866
6726
9477
5237
1310
3804
9355
889
7679
2522
8484
8054
8110
5060
449
4310
1593
6455
4360
4575
6235
4579
1565
3530
6624
2114
8118
1131
4818
6356
3200
8448
4730
8241
8286
5518
5514
3718
8148
7947
8726
4531
9942
10038
3943
6338
5867
2142
7230
1130
1027
3154
4625
8740
4972
8123
5684
6803
6235
1815
3185
5786
5885
1789
2187
5394
8837
598
4490
4730
6854
8439
1798
5867
997
8439
5786
243
6970
9525
2232
6440
6392
232
4152
1679
5949
459
5786
9634
2416
7586
7115
7450
5885
8690
9887
2255
637
1980
3764
7651
5016
5953
8710
9673
6944
5369
1485
9317
3593
4360
2294
6721
6301
186
3200
4719
5867
4631
1789
7331
283
6892
7045
8754
4620
4310
6347
6380
704
8148
9931
6433
8241
4152
9923
6902
1097
5867
3943
6604
7382
3308
1071
6396
9879
9767
4080
7331
1403
3719
10194
9931
2142
4579
5676
4216
3816
3677
1712
8032
752
1854
8032
7994
1234
7995
6944
3760
9210
7167
4476
3048
9614
8386
3041
2522
7786
7323
5786
9432
6696
9770
4368
8740
8036
7707
7331
3075
889
3537
8054
7331
4080
957
7323
2103
1361
7082
8148
6628
8484
6135
7882
2479
8062
8726
3573
2811
5786
7253
1106
1939
9392
7953
8565
6320
137
6532
134
4625
8114
7092
4579
9554
3683
9652
5786
4360
4230
809
3921
8448
6240
9969
3604
587
4719
21
7282
4579
1939
6568
5286
7706
8740
5885
8455
5786
880
1789
5786
952
6235
8906
700
7387
7331
191
7566
1131
336
624
4630
3460
8428
3748
8293
332
5419
6638
8124
9876
1939
6317
4579
1027
5786
4760
10038
2255
9673
7586
10055
866
9719
8668
5313
1414
6347
8577
6974
5758
9696
584
8740
3873
1712
4084
7911
3048
8683
1106
5178
283
5786
5867
7456
9999
7230
9727
6482
2907
5786
6577
6578
4579
193
897
8740
3356
8740
1097
3145
37
6482
5178
3716
9300
1131
1565
389
6135
7202
1216
6135
9767
8683
10038
6638
8675
6922
5791
1403
8740
6898
933
9019
9767
2522
7586
8740
8124
4598
2328
6347
9280
4080
4289
8148
9238
8971
1751
3956
10124
348
4052
9332
2601
3430
4710
4630
8018
6135
6970
3447
459
8217
2664
4232
3593
8466
8850
7593
7076
3683
7151
4360
4084
4019
9532
4084
3169
1369
2030
4495
4579
5137
1518
1574
6722
532
2748
7097
9392
248
4360
3943
1994
4517
9150
7331
4057
4349
63
8832
129
9770
6528
4673
4676
3031
3441
1799
9084
4781
1168
5786
8293
704
3441
1310
8463
4368
4340
1097
3760
1677
7001
7450
2967
3337
1920
3764
1278
8148
9273
5786
2225
186
663
8300
9719
1880
2640
5029
7661
5527
1168
5973
5786
243
5527
8018
6383
4592
8740
809
6722
3483
6192
5786
6190
897
3991
8381
7296
598
1694
9770
1789
7137
8777
8936
516
1962
6077
8819
3702
5595
10057
5217
9317
8740
9999
8148
7882
9245
2655
4497
4473
9245
492
8740
5596
1023
6275
6726
2103
1444
5948
3145
8241
4575
6001
9931
5000
9524
5595
4128
3310
7331
8371
6577
9534
8241
6923
4620
8124
4360
7141
4057
7679
4057
7566
7668
5867
2453
8353
2936
2028
9619
4038
3509
6726
26
8676
92
2640
10121
9614
2940
8681
4719
4737
5234
7952
5286
7686
1109
1130
1759
7903
5782
9694
7661
37
4625
7775
5525
1734
4217
5791
4490
9745
8767
8364
1458
6944
4378
7331
8062
663
9392
8869
8062
8810
248
3200
2255
8702
7323
3430
1837
8936
6077
1811
3180
998
3021
4310
9769
3430
1600
9581
7076
134
6722
9238
1363
5885
3185
7974
5676
6568
866
3154
5953
1854
4270
5786
1679
6568
9932
6577
6670
7549
1236
9932
4504
8292
4620
3677
2771
63
2142
3446
1677
1789
3417
310
2232
5786
2771
6482
747
5685
3764
4982
7185
7947
4585
7903
9581
2950
8062
1071
4289
6201
5443
283
6546
3849
10038
10121
8364
3337
3185
4669
4838
2940
8194
7126
72
7296
6192
5786
6803
5676
6670
8740
5285
4320
1615
7230
1168
4423
9891
4211
7387
6631
7230
3509
4579
1799
2629
8076
9969
9300
2255
5786
8936
3593
7230
9825
6638
6380
7862
2114
3804
7668
3991
5217
7331
4349
4310
6532
2232
9084
7668
5786
3760
1789
598
1565
5786
8217
7117
5595
1980
6568
5786
6482
6670
6371
5365
1982
4320
4038
9392
1097
8740
4084
4310
248
6022
8431
8227
3416
1245
1305
6135
7147
5008
3857
5786
3417
2692
7922
5786
1694
2255
8431
243
6190
1962
8381
8565
5118
8767
2223
7151
6568
8398
3185
2522
663
7296
5686
8686
8088
7387
2907
4360
8431
2640
8983
6347
5305
2967
2406
2030
8054
8292
8594
7145
9819
663
3953
8286
5403
597
4673
2771
164
5885
3515
2748
5443
6729
4920
4216
1339
8980
6863
1997
8217
866
8148
8371
8573
248
4360
3185
9969
7668
3730
6015
5786
3185
4820
972
7147
8740
6998
3344
6025
2396
1310
700
9678
3154
9980
3943
7482
6392
2922
2030
5875
8194
5027
8065
1038
1339
1527
1920
6586
10038
5863
2522
3079
6718
5329
4360
609
6330
6482
5926
4065
9115
3484
7593
5948
10034
8353
4523
4831
1219
6696
4349
3663
9825
7331
2748
6866
4276
9238
1369
6944
4575
998
8936
1600
6998
8791
6638
1798
7141
4108
4719
5786
2771
9767
867
8431
8217
551
10211
6722
9392
1982
5595
3760
8906
8458
2771
221
3961
4473
8106
10055
603
4052
3399
5217
6347
4719
648
5034
9210
7296
4310
7862
8148
283
6839
134
4719
6628
4669
674
624
8439
4820
5403
5786
624
7593
2664
2770
7751
8740
6722
8125
3500
7947
3773
9162
1403
1332
6892
7456
3924
8386
1257
933
2255
4519
6089
3185
2601
6396
466
7145
7012
1907
551
3344
6135
4760
6906
5786
4605
5773
7535
8728
4579
8740
5313
7145
5786
1759
1071
9141
5595
3169
957
9931
7145
8740
3185
9355
3185
663
1994
6320
1131
8353
2547
3417
4970
2183
8062
1027
6349
3857
5782
1604
866
516
1751
5786
9392
6944
3447
348
1310
4642
5286
648
6954
6235
7690
5525
867
2187
4519
7230
9477
1291
5060
8484
3185
1234
8148
1600
9273
5866
9300
5826
6803
10125
6500
4423
6038
7570
4310
4216
8431
3784
9767
3185
6281
3387
6944
6729
2255
1565
609
3537
4719
8455
9477
248
7450
10124
2655
5476
1759
2771
9649
9071
3185
4737
6546
8740
184
4187
6944
2232
1716
9512
4673
8283
10038
5365
3185
5973
7953
9673
243
5188
809
10211
8681
9891
1097
7115
8114
1369
3185
8936
1603
8850
4585
4360
8594
5252
7238
8227
5866
6001
7084
8777
5953
6974
5522
7331
5867
2923
9524
6568
2114
4698
5861
5861
8681
1125
8448
9392
9932
9767
8455
9327
2940
4310
5676
7159
9018
5684
1980
2016
8129
8850
71
5758
2114
3154
3166
4052
5786
4142
3530
4217
1403
3905
8740
5527
7151
4676
6409
4517
3344
6427
6317
9273
1148
7092
5289
5528
9150
248
9392
4575
3185
7076
5786
7387
5786
8740
1369
4128
9999
809
7147
7549
1811
5786
9450
1071
6944
5031
5786
4592
6115
6135
4982
7092
2213
2522
2396
9071
6064
6077
8850
5443
372
4473
2621
8124
1363
5018
137
7076
7092
8036
8398
191
3185
334
5786
191
9351
8777
5525
9999
7661
9431
7141
4495
8241
5786
539
10121
1997
4378
5305
9323
9671
6275
1759
1219
9355
3301
8124
2255
1789
7686
8740
2016
2581
4579
10057
2142
4982
6944
1759
5217
4710
8096
5786
2103
8124
6372
6380
2479
1125
9517
7409
10125
598
8565
5786
6902
4405
7222
3716
63
1600
9431
8152
2884
3185
5867
3550
6649
9727
5034
7145
9969
8740
6944
6427
6077
4719
674
1712
609
733
4349
6022
5595
2907
8936
283
8076
8152
598
10195
8906
516
10195
9332
8740
2103
4310
9567
6540
5671
9719
2640
9392
5684
4534
8740
867
3344
2103
9995
5403
449
2213
1245
1425
7266
4232
5369
1097
141
9128
1789
1132
2888
7679
889
6529
4818
3663
10038
1798
7947
4730
2547
6906
7248
1565
4579
8740
9245
221
5595
4525
2713
243
8832
9999
7668
10125
1604
9999
5786
1403
10211
6577
3991
4080
4970
5786
5476
8869
5826
9942
3739
8152
8439
4289
4531
7679
6427
5786
8819
4490
6898
1811
10038
8819
6077
6604
3162
998
4349
5217
7413
9767
4831
1291
1789
9931
1234
1577
6943
243
9392
6409
1496
3748
5786
8788
5885
5867
3593
2871
1577
693
7331
663
6649
4820
5034
6587
1131
1759
6347
9532
6135
3154
8114
1798
7661
4187
8107
3264
9525
3551
5595
8107
3658
2406
1962
9649
693
10057
3611
9355
1982
7093
1103
6628
7387
4579
5365
6902
10125
9500
8710
747
1837
800
4920
9975
5118
8918
5237
5786
8455
3760
8734
4255
7786
6866
1712
9713
8767
6944
4212
6320
3185
1077
8018
2907
598
5423
10058
3285
5728
8125
8740
9999
6944
6944
4019
1310
4057
8788
1236
4261
1038
9228
5686
7346
7387
9191
5178
551
5867
2016
3185
4642
5187
4142
700
1069
7686
9312
663
1789
4585
1312
3185
3773
7679
59
56
6347
5522
1789
7151
10170
4333
4579
1245
459
8123
8850
551
4310
7456
6944
547
1219
6892
7555
186
5365
6726
5728
8148
6364
4289
897
972
3145
5885
4065
6722
1759
9238
9539
5443
7323
9819
4820
3126
8788
4152
5786
4737
6483
9876
8065
1130
5790
5443
4360
9273
7230
8124
9673
1821
4161
9327
10211
8740
8227
4740
7203
10038
392
2114
4710
9999
9532
8129
2871
3310
8364
4360
4669
3760
1904
3185
9879
2664
9019
5786
4517
8062
8832
3760
6392
3046
1593
7230
9634
6674
9022
5686
7097
6356
7082
2940
10121
491
9649
8194
1940
8675
1069
4962
5786
2522
5885
7076
933
9942
663
7790
498
3520
4310
7549
7323
7323
2142
5973
1811
2520
527
3663
691
7820
3982
983
6200
248
1604
3185
1751
8217
866
1109
7151
4152
3185
7253
10055
1086
1679
6631
9614
6455
5964
4289
3956
6073
8123
4333
8062
4360
5786
9432
9999
9767
4838
5525
6970
7699
5729
2103
7230
8740
6527
5443
4579
221
7145
4667
3730
6455
9649
3683
6347
9975
6281
8788
6115
6974
9128
3185
2922
7952
2969
4982
1593
3046
663
3185
3430
8110
2222
243
551
2940
5380
3185
5137
6528
7253
7238
5305
516
6722
5527
6722
10038
7230
5285
4057
4557
2103
8850
7331
9392
7952
5885
880
8217
2255
4320
6664
3760
8054
1615
7382
1363
9932
1574
5885
7382
1766
1789
6944
5305
6718
1365
866
8371
6483
59
5518
1332
8754
6349
1361
8740
5786
6347
866
9392
3996
6970
2479
4423
9539
3515
1106
6726
8463
9931
5595
8971
3551
10195
5786
9392
7141
2255
559
5008
5187
6902
3185
3742
8439
8458
5948
6944
1071
8054
5595
9450
6670
5791
1458
3154
3180
129
8668
1130
8740
8364
6356
700
4232
5369
1789
2255
3718
3961
164
8458
3395
5782
9652
8076
8241
6664
3399
1339
9931
5786
586
6863
3520
3924
3520
7862
5826
7238
5419
1518
4310
7323
6892
3760
648
2406
6356
9626
4310
3430
8227
1712
5286
3683
9769
9999
4019
9999
4121
3185
8431
164
6638
5283
10125
1441
3691
1962
5805
8062
8748
3185
1766
8740
6839
1962
5786
3943
9226
9923
5826
1365
1811
3892
8054
6944
1789
8788
4519
1023
516
3484
8088
10195
6482
5595
1216
8906
4719
1577
9332
4217
9323
2114
3285
5786
6892
7230
2536
3430
4360
5786
8364
9745
7331
5527
7323
6532
8728
3185
7786
5178
3683
8675
5334
6892
866
8096
3924
8587
9619
6527
4667
3185
364
5027
4423
5885
6624
3663
1310
6803
6587
1038
7859
4152
5443
6001
866
1677
8906
3784
7076
4128
8062
5885
2461
6892
4730
8096
5788
5786
2522
88
1369
9210
8791
2255
8492
8565
8106
6670
5885
7862
1801
5676
5786
7940
5773
1097
9432
6073
6483
6407
7151
9770
4820
5018
8364
539
8032
2621
9327
129
603
3185
4730
9019
5083
5786
5334
9769
3943
3344
5671
1132
4575
5805
5334
3483
4673
9084
7707
5109
7409
3551
2451
8983
4375
5786
1670
5525
9969
7751
5285
2255
5014
4575
6670
4052
459
9999
3608
3031
10034
4519
9392
6726
705
4360
7253
9767
9228
2416
7238
4423
9999
5861
3857
4519
4579
8309
4057
5786
6722
8740
9581
5394
6898
2222
8740
6483
7093
9226
2453
2114
6030
1168
1234
6077
9999
5595
4719
5867
9619
2907
4929
6313
6279
2811
9534
9071
5285
7126
8983
3824
8124
2664
1603
6577
4820
8850
7456
8381
7540
3702
9835
7345
5786
5786
4310
6135
6022
4057
6974
2469
9300
3185
9392
2430
5786
5786
191
6628
3395
663
8918
248
9512
8065
8076
9940
9727
5579
2255
6970
5676
4575
4631
8458
3956
9652
1361
10211
4276
2016
8810
9238
7165
7751
9228
5885
5867
9534
9327
2451
9317
5948
7238
59
283
8217
5786
4476
5334
7687
2888
6778
4320
3773
9539
6944
1789
3264
5380
5217
5465
3483
4257
5217
8018
5525
4516
9312
3075
5786
9392
37
5676
5786
2255
2487
8906
8148
6944
8980
5676
7230
5786
9770
1332
5178
4310
2225
7409
7151
10038
6015
7021
4423
332
3028
8850
866
4760
3913
5786
8431
9932
6529
1103
516
7556
866
6190
184
5786
8107
1577
1564
3677
9626
4620
248
1010
6670
4719
4730
6540
3773
1403
8371
7706
3185
2016
9392
9887
10170
6721
1125
4710
8788
2255
4673
5786
6347
5583
2114
2705
7033
7346
3683
9149
1361
5178
3430
1759
4719
9642
5369
5369
8484
1997
8850
74
10038
897
1565
9392
10170
3804
1962
1604
2028
1920
6568
6854
5791
7947
1679
10121
5527
3905
1421
6482
9524
7679
9879
997
8668
8123
5964
7248
8088
9969
6347
1485
1821
7851
700
4052
21
7570
8900
4585
5667
8148
466
4929
6892
1421
1759
5465
3154
1759
4232
5867
9581
8681
5786
1036
5402
4579
8785
1458
1097
6409
6482
8118
6568
2396
1700
8740
3185
9342
2404
7995
7911
3031
8748
7707
1038
2479
3185
7145
466
5118
7751
1518
9323
9539
8810
5016
1403
2142
8124
663
8227
4516
37
4473
3892
8068
164
7331
3509
8439
9999
8767
7092
8114
5786
5786
7282
6631
5786
6103
10195
1789
2016
3180
7566
4575
3185
5419
6722
8728
6892
3529
6455
4579
3530
7253
5786
4108
10020
7331
5137
7661
3021
700
809
7084
9932
3604
8850
5018
6845
5380
2871
7690
134
5885
5419
7266
6064
4719
2668
1132
9891
6628
8398
1441
6944
609
4730
9581
1339
1444
9567
9597
933
547
2114
2255
378
3804
5137
6944
3784
3719
5380
8740
7117
134
9673
6638
2664
3593
7117
4152
4310
6192
3728
8076
7092
2479
8061
5790
5786
4673
8148
5411
2668
7614
6722
4419
449
3611
8187
5790
4579
8777
3344
8740
1010
4575
6392
2664
1880
9317
3417
7084
6338
3764
5667
8068
4667
372
6281
7331
8980
9710
5217
6722
449
4057
5819
5863
8810
3337
8227
2621
9932
137
1496
1565
9567
2142
5786
866
2601
3185
3441
3430
8068
8740
7593
4585
5786
4084
8740
7282
5465
8918
9999
5786
8421
6064
674
5866
1339
1565
4310
4473
3702
4052
491
6482
3760
8283
7147
9975
3185
5423
5527
663
2255
4970
691
2103
6392
8690
7323
7426
3977
7593
311
3773
7593
4152
4080
4586
3982
4310
8448
6527
3310
2713
5786
663
9642
5595
3593
4807
957
8148
5867
9999
6192
6313
4212
6568
1168
5592
9923
8565
2649
8054
449
5786
2390
10038
1880
6077
8740
283
4121
4378
584
5476
4667
2255
7345
8573
1759
6200
3873
2922
2255
7535
5782
648
4310
7684
5786
8785
1069
7686
10020
4360
9923
5595
9191
184
6970
5595
6439
243
2888
9999
4534
6568
6998
7230
5595
4579
6568
5786
3683
4310
9191
3310
9432
5885
9719
9999
4534
4554
3537
3293
9712
6872
4719
134
4128
8936
8036
6944
2923
2922
1097
5826
8124
7076
63
1403
5885
4710
752
7862
5403
4760
8810
4052
4579
5786
2522
7331
8710
3356
6898
4230
4187
5867
2522
8686
2461
705
1759
693
9128
4473
10038
9226
4057
483
348
8217
4289
7159
8152
7387
2103
3308
6455
4375
7549
6455
9696
6200
4057
2771
1997
6892
674
6628
9876
1700
2969
1369
5866
4310
4187
2016
9084
1574
10038
6726
5953
6587
4175
3857
8681
2223
7775
9100
9450
5527
998
9767
9392
1751
9684
3028
4261
7922
1236
1759
5217
516
5313
5786
5618
7820
9777
4719
1716
4152
4446
1600
2479
3716
691
3663
2451
1168
1962
3185
3356
7684
5031
8785
4473
6192
1670
5527
9673
2255
8740
2487
9317
5786
5369
6944
3387
1278
3021
9022
6240
6854
7147
7661
8148
4310
6313
2016
5595
9073
5786
8148
7238
1600
4175
6628
9273
823
8286
5525
4310
9071
92
4719
693
7953
844
5786
6349
3677
3417
4212
4504
4232
4719
8353
3185
7416
10038
4211
8740
6696
5283
3515
9517
3719
5949
6892
7230
10038
2871
5867
4310
9517
8283
8692
5786
9999
2520
5786
3126
8740
1103
459
191
8217
6313
862
9634
1904
4920
6722
2522
8740
2420
459
7851
8918
5805
866
4476
8850
1780
5118
7230
9273
8740
5595
7450
6240
4495
8106
248
2748
7614
4579
5782
4557
9001
1441
6885
2664
4579
8850
7686
6372
191
1027
4972
1339
5870
2522
8148
3624
5313
243
10058
9327
8850
6433
8740
6970
2016
8906
527
5283
1071
3185
4368
4719
2183
7115
8018
4579
3446
9767
897
1114
9477
9455
7535
6803
3162
9769
2255
9502
8936
7387
7690
4719
3905
7082
3356
6317
7092
492
880
9238
1027
8054
9980
8241
5861
3604
2192
6944
8936
1216
6922
6649
1962
8032
7593
5527
2114
6568
6892
2547
611
5786
164
191
6568
372
5786
9942
1962
491
1712
2847
2430
8767
705
7045
8740
2655
5334
9825
663
3760
3943
3760
10055
5018
1811
6073
4719
9281
1365
747
7137
7661
9652
4579
6944
10038
1759
742
4575
4579
6089
7566
8217
1565
3185
6944
1577
2103
9525
1780
2936
1600
4730
747
1038
459
3624
2664
6696
5365
6030
9149
3913
9769
2406
6190
5443
9696
8740
6356
2144
6923
1837
4161
4579
5728
5217
6944
5786
4554
3550
1425
1565
2884
5595
1577
4579
9652
9351
1759
3185
8740
283
1734
3760
9999
72
6778
2871
4057
8837
5926
5283
9439
584
5178
5786
5786
5786
1759
5786
1997
3921
466
9770
4719
4730
7862
129
1363
2016
9719
9719
1565
8777
5786
8734
4473
7222
9770
693
6944
6001
2664
186
1291
4019
9999
1347
5885
3515
10121
9392
7994
9619
4159
5786
4360
9770
2771
311
6970
5579
6372
10055
2416
5786
4760
4473
7151
7230
7151
5686
532
8241
5973
7346
9524
1565
8187
6902
7751
10057
5034
4310
4519
4378
7882
1766
7851
9392
2255
7775
10125
7707
9819
3760
1962
5885
10211
1759
5786
5525
1312
3126
9619
243
6943
6577
3185
2114
6970
3121
9163
8027
7786
459
1403
5973
2255
4516
10121
1038
1518
866
1565
5786
6722
8740
3154
809
3520
609
8728
823
3185
5217
6970
8906
8152
4267
9825
9432
4310
9432
7668
8065
6038
8309
2522
5252
3593
7456
5667
9517
6670
2907
9932
9819
3760
9191
8777
8353
1010
7230
1962
7888
3185
7409
3604
9327
8492
1565
663
3308
5863
6670
9001
2940
1403
8936
248
5423
9084
4360
6577
9999
5163
8728
6317
7126
9614
6587
5098
7994
1574
2114
4490
8564
9431
4423
9931
3520
6235
4175
2453
1103
8371
7084
6944
9450
3185
9745
5118
598
9940
6863
232
5365
4719
1365
3961
10125
8241
5178
8740
2255
6546
809
8740
10020
9432
4625
9727
6349
3121
8076
9767
866
4719
4970
2255
6015
5118
1789
4257
8728
5178
8936
9713
4057
5786
5008
8728
1291
3509
6577
8076
5786
4519
6670
7141
4579
56
5885
4375
1077
10170
8740
1789
9273
3509
4375
7668
9327
1097
1577
6670
6073
2016
7661
8148
3573
1759
2601
2487
5758
59
7413
8740
5726
3683
2771
4217
6577
7230
3337
2294
8681
4159
1125
1403
3996
5786
1354
6802
5863
9923
8810
9431
1010
5525
4625
378
7952
1339
3509
9150
7093
4375
4719
3154
4710
1421
880
6943
9355
9923
2255
7092
3716
8980
4737
3764
3956
1444
7331
1880
243
4579
2016
3816
7230
5875
2771
1414
6604
1310
3041
3892
6587
7238
6944
6372
5667
9527
3764
1615
9581
8032
4423
866
9629
1565
8353
3185
3702
6439
7706
844
2640
7862
9694
9500
7679
7995
5786
7151
7151
3041
8124
5234
8980
551
1365
1751
3691
4360
4261
587
9500
2487
9431
6944
6778
4631
311
8455
10121
6103
8428
6396
8740
10194
9162
5786
2987
184
7270
2934
5786
2520
4212
3356
6954
9634
2907
7416
6383
6235
5595
9273
5786
8740
6587
4760
8240
4310
7323
9567
5595
6944
3624
6022
691
8068
8676
8850
9999
7786
4809
7661
8686
7145
3760
5527
4080
4838
3169
5527
8
3337
3520
9671
2453
603
2453
3530
4057
5595
5685
8740
8740
4152
5729
5187
4216
9969
5016
483
5018
2255
7346
6455
5525
3739
7238
5423
4161
5791
7661
1600
6696
5068
10194
6015
6192
4360
4554
3982
5595
9673
2621
232
449
9843
6998
5885
8726
8148
4920
2923
186
7203
8431
8148
7820
5527
5527
9694
8936
1354
4579
6440
5595
5178
4310
7416
2479
3344
5973
897
2640
866
4719
3447
4405
9999
5402
2192
663
378
10194
9238
5758
191
9317
3145
9554
191
1257
7699
9837
5786
866
1125
1219
4519
3943
4531
4472
63
4161
6349
1625
4656
809
9673
4719
4142
5305
9128
3331
8062
5135
4820
998
4972
5237
4579
5178
8032
3509
6664
5289
8995
8728
5786
2771
3185
9280
4585
9736
4719
6201
8227
9923
516
9300
3739
8565
5528
8124
9100
1600
10195
4673
7147
8148
8463
4592
1168
6407
3760
3943
2705
378
9392
598
5018
2477
2461
8027
3537
8124
7409
8124
1565
9317
8748
5595
9652
628
2114
7147
6568
1236
2103
1103
3520
5029
7449
2655
3169
4920
3515
5886
2255
5217
4730
10038
6944
5443
9342
6586
611
5178
6235
6578
8283
243
5465
2771
8309
7147
8850
8152
9073
8740
6943
1600
1712
6077
9550
1245
7922
5283
2255
2016
4820
5667
2192
2016
4575
6944
1593
5786
8124
7331
5443
5686
4656
1403
5528
4812
332
983
2232
2922
243
8837
8564
4310
6638
3816
5786
3530
4310
7751
6313
483
2884
2907
3760
7947
4490
4310
1311
8971
332
4360
7590
9931
3145
283
8439
1236
6106
3977
6872
9673
5786
6532
3905
3180
5782
7456
6577
5786
5686
752
532
7661
1310
5595
8124
7661
5021
3573
704
3041
3185
2255
4360
8740
693
2453
1347
2406
6022
5786
952
2705
5525
3924
8832
2664
1168
7416
1332
1421
4719
2664
6023
3943
6568
6483
6587
704
7159
6577
3285
5885
5595
1527
5283
8740
8748
8439
587
8455
5786
705
8740
9512
378
9767
9332
4320
1600
6854
3121
3484
6040
3748
823
7296
663
4423
5525
5786
6970
4473
7331
10117
1780
3185
8152
3154
5595
5118
4360
8364
10117
5778
9942
9191
9128
5305
3932
4579
1421
586
862
1593
809
9819
4920
9931
7687
1815
6922
6778
1347
5786
7995
2539
2871
5786
5949
3593
8439
8906
4360
3943
6439
4360
809
1789
6970
5525
2192
6722
8018
6439
8421
9228
4360
459
4161
3716
7345
4152
1600
1577
6455
4579
809
5684
7230
8293
7456
5522
1980
588
7482
9115
9891
2255
8740
5786
8675
7021
6670
5973
4575
4360
3484
8492
5676
9392
3285
6664
4698
7706
7540
7456
9736
3264
8124
2771
3310
8431
9355
6235
9940
9923
8577
5018
2934
5953
9999
8124
7381
4579
598
4673
693
880
8283
9671
48
6638
4310
7323
897
88
3500
2142
1425
3031
8309
10038
597
7679
866
1811
6944
5443
8458
134
3417
6573
9767
7012
59
9245
88
3520
6638
7331
3126
6670
3921
532
4310
6943
6001
3484
6212
9392
8439
7830
6803
6330
7994
7851
4575
4838
1980
9597
8371
248
6483
3500
8587
8918
4175
7137
498
8241
9879
8124
1565
7387
5305
797
1131
9999
5034
2451
4820
9128
1109
693
7145
866
3185
10211
3509
3683
7021
10055
7318
3441
8837
5525
8062
10121
7151
3515
6902
3185
9879
7151
3185
4719
3682
3760
1257
9713
1574
59
7323
6527
10195
6944
4820
9210
164
1564
8118
3185
1421
2255
9767
9115
8124
2469
5596
6364
2479
705
1604
4517
3185
1234
1354
4368
2664
4575
704
7952
2863
5178
3593
5885
5118
9300
1811
2191
311
7092
3264
6892
4982
6240
7331
4630
6944
7851
10121
9969
5583
5098
7033
4575
8148
3716
6803
5465
129
59
3663
7021
6015
7238
9554
71
4212
6954
4516
9086
5786
7690
6022
8971
597
7230
5786
8748
8484
6638
2487
5443
6568
5786
9999
4585
2664
6317
2192
539
59
37
8012
7101
8906
7076
3331
1234
1615
8012
5786
8740
8740
8740
4310
4517
6577
2487
7145
7586
4820
137
1962
5286
5137
8124
1565
9969
1421
1148
10038
5786
4476
1789
7082
1106
7331
1940
9999
9191
5786
1305
9191
2097
1577
5885
6892
3387
8217
8114
752
8148
8767
5217
7230
4057
587
3154
3593
7668
310
5018
