5420
8871
8613
4652
2657
5198
5834
2307
7395
5556
7124
748
4341
6798
2342
3030
1774
1170
6708
1585
6580
2360
9405
5582
8687
292
1911
853
7090
446
510
580
124
6163
6129
8704
8589
1937
4507
4170
8469
728
2813
5726
9549
1160
1458
6478
4392
3100
5887
5707
9584
6804
179
6977
9224
3268
6383
6048
9106
612
6354
7339
1034
9199
6248
2059
6700
573
6268
8507
1979
9391
4503
3848
2571
10207
8921
6984
2423
4714
5900
1921
10116
9663
397
6303
8488
5646
2802
9502
4734
5487
702
861
6547
7162
2055
7978
1938
6343
2922
4418
3954
5709
6639
2769
10055
3795
6310
9100
4285
914
6701
7835
909
7035
9611
698
4938
6934
9849
2666
5062
3212
1825
8462
6091
2908
9586
8709
68
2993
4927
8152
2265
8498
9317
10196
6219
3464
2162
8079
4067
2363
6395
5013
4943
727
5849
4643
7399
6693
1670
9597
259
8283
815
4219
3705
5463
1182
5015
8633
1785
7009
4746
2858
6579
5387
1781
512
5089
9843
29
6364
6785
1382
26
7519
8214
2670
3169
2074
3533
2758
4322
10228
2050
4481
7001
8692
9892
1739
5870
1798
8054
5265
5778
9482
7685
4465
6531
2398
2481
10144
2854
2090
9603
6423
5570
4907
3949
3076
3984
8215
5011
6575
2956
3570
4328
2874
7433
7183
3077
9124
9050
9487
4199
9217
3555
315
5563
6246
5596
7177
3397
238
1642
1344
3914
5882
6964
8168
5740
7450
3309
5373
8046
1480
5896
6312
9381
9912
1236
2986
6748
82
7694
7275
5461
4124
5853
7277
2145
1789
2520
4665
832
1570
7697
7216
670
9450
9235
4428
9969
6104
6192
1545
7380
2175
811
1685
8951
918
7794
4879
2975
1100
1688
1766
8629
2213
7879
5511
9591
6735
6817
7619
6373
4924
7232
8932
7992
9908
3545
9040
6242
508
132
6697
8334
6178
9075
2868
8308
7261
6465
2389
2212
7326
7193
2638
3579
1858
9551
8142
3697
7176
1497
3354
9655
5994
8380
7684
6292
5502
6324
3134
7194
2301
10118
8222
8299
478
2208
5314
1895
221
3240
9435
4721
9687
7770
7510
8762
7105
1264
8067
9148
9298
1073
1703
6243
4265
4351
6076
6948
3198
71
7718
7269
4985
1181
7427
4474
1266
4266
4194
3253
5418
1865
4866
4402
73
7010
8444
9308
5871
3096
9614
9418
8701
7857
7522
6915
6402
2596
2844
6002
3466
4357
8715
4911
8924
6096
6980
4566
6299
2268
6935
2531
2404
4494
25
7172
488
7969
6528
3487
2750
9903
721
2880
9855
6827
8873
1195
167
5346
5313
8146
229
8667
3591
6706
8085
5169
824
10216
5064
864
8
7918
4221
5351
8393
9971
8349
4962
8965
1152
6500
1017
940
7730
7648
1549
7508
2259
5424
8013
5132
1712
7843
7762
3531
1440
3642
6979
9316
627
1681
424
8867
4646
3741
4216
5262
1732
3851
6524
2292
7956
6279
9059
241
930
3690
6574
3257
9152
9139
2388
4987
437
2581
7586
4248
2739
9683
3771
4846
8720
2497
1448
4020
6716
4932
1432
9769
8425
3064
7462
6682
4589
4899
4361
1976
6414
916
5973
1179
3337
178
746
7863
1705
8961
4929
7502
8422
7486
7225
8391
1855
9468
343
562
7221
2335
429
7210
7390
4022
8350
6172
979
8038
5690
8316
1154
2948
7680
2576
4313
1363
7812
3476
7381
4765
7107
866
9056
8302
6925
9654
1868
7521
7416
6860
2491
2201
8386
5138
5621
420
6106
7846
9869
3264
7267
9541
2085
5929
6808
4002
6422
9817
7742
9374
3000
2418
1178
3471
8309
2239
967
2557
4859
7559
8165
6481
4299
5444
8501
6641
773
1888
7301
5296
5417
839
9325
570
4697
8691
8257
2881
9090
5997
729
5017
4801
5046
7799
2227
5145
1994
8274
4233
3338
9426
7587
8159
1102
1246
4977
5136
10159
7196
3655
4400
7604
6020
6314
8942
2694
7757
5507
8826
3368
1772
9711
2671
7305
2077
2649
919
10052
7222
516
2258
1301
9935
9864
7115
3636
1206
1089
5992
4074
3131
6326
9449
7567
1145
2451
1097
1385
5070
7858
9565
2904
8896
269
3882
7581
5913
4224
3759
4377
7099
1048
4942
5396
7361
6617
7702
9965
8300
2641
4095
1031
324
7415
5761
9670
3613
84
7346
8253
5014
6758
9216
1299
4479
8594
883
6556
5770
7890
669
3951
4061
6638
135
6374
8411
3053
5104
2248
5512
3104
2318
6616
6523
10177
5315
1240
3377
7509
1021
9483
2494
3854
9429
6065
6519
4839
10047
3947
1583
3681
2496
8544
1704
9286
4008
3948
833
5548
2962
8732
5817
5957
8358
3355
7461
9328
6032
8981
6043
9414
8428
6379
784
314
2439
5724
479
5619
6970
995
4128
22
6256
3381
1770
9936
3162
3685
1511
9168
8571
7458
8157
9083
10192
5158
5659
2185
6630
10074
3236
4431
3153
7330
2863
5895
9560
9169
5358
6377
9528
7763
673
8502
1157
4086
628
927
9061
8708
7329
4006
4851
3749
3118
4997
8100
6567
2752
8816
9927
1500
5369
675
3666
5340
4027
3435
9639
1361
4616
7315
1823
6703
2749
530
3182
2100
6865
2699
2629
4492
10096
3634
4018
3670
7085
4484
529
5465
9364
5965
8754
9155
8555
1504
2930
1917
4034
5029
7788
6250
7621
7647
6561
6024
554
5286
7852
7317
5554
838
717
5966
6863
7000
1194
9402
3373
1581
387
1981
2205
5841
1367
8900
2345
2373
4409
3764
5173
3059
8925
6064
2403
3521
4691
7721
4614
3414
9287
9963
6119
2767
4572
3237
2237
8713
6382
4275
7710
9110
6923
2143
6850
9071
8567
10048
5334
6073
3189
5701
3497
4649
8236
4048
7438
3330
10197
1554
2393
9583
8827
677
1759
4263
6126
5922
2174
2008
9252
8206
8588
3470
7226
9469
9652
4439
6881
4449
4664
7776
8363
772
3752
739
1260
7555
9712
5440
3045
5451
8405
4783
1728
181
7962
10147
1906
1926
9650
5405
9974
6140
941
5549
6631
2872
643
3991
3838
5069
2111
5954
7111
5374
4848
7504
3873
1172
489
10021
2424
9688
692
3367
5054
5977
10121
3079
8665
5515
4587
6033
3746
1013
9195
1142
