877
10183
564
5650
1107
6703
7628
2061
8329
37
5176
2541
3127
6058
5480
5915
2008
8336
5642
8545
3185
3528
4283
640
950
1462
5070
7328
840
3358
1309
255
7713
2222
8164
9445
2363
884
3488
8260
9875
5215
9766
9261
6679
7363
4611
7047
4242
4566
6485
672
4064
4198
5134
3957
8745
4305
2059
4709
3414
1009
9972
9802
4057
6658
8774
2714
1655
9335
6979
9719
853
9847
1972
9787
3779
6301
4753
8832
2941
9567
1812
1047
6001
9572
4627
2623
5054
781
5501
5096
3624
8959
2747
4914
472
10154
2353
5560
9121
5065
5217
1811
6572
4
9632
4528
5986
6142
9360
1256
25
3965
10097
2034
6992
5787
5487
9439
8001
527
2972
1928
3849
5090
6641
4840
7211
5047
7035
7760
7546
6980
3105
5111
1353
958
9880
7065
1258
2818
6342
7083
3021
360
4619
5575
4131
6155
3580
5466
4670
8710
2345
389
8188
4487
2070
9720
6476
3239
510
10129
6314
1659
7605
5296
6961
3937
7957
6242
603
9906
3320
3928
7343
5923
5949
9476
3753
3255
8173
5713
4349
3250
2089
377
8665
2834
9503
1824
5304
9623
7855
9797
1410
10019
3308
2983
4447
3431
7142
3825
2637
329
7446
8616
10146
4773
6096
4903
5038
711
3370
5624
2154
5346
5361
5120
5161
9563
4116
7453
2235
10151
5524
1025
8391
3309
10211
2346
4546
1950
8713
6400
3695
1885
1423
2782
12
714
2409
4628
8097
3480
3760
2728
9961
2436
3780
3764
3714
1005
8650
718
7839
7458
9612
2111
1826
129
1341
451
6904
3839
5693
2294
8551
9460
1719
4517
4850
4637
7660
6108
6140
3069
8078
6975
6523
7300
646
8320
7389
9203
6074
3376
8932
4249
6503
3630
8459
9952
1378
7619
8325
875
2645
4031
7016
1356
5078
8109
9487
2181
3515
3100
6498
2287
7792
5859
6205
9074
1461
7058
505
7843
1788
7701
1288
7557
8797
9750
6615
999
4853
3294
5567
3866
92
6595
8532
3742
834
8145
6557
3086
6527
6037
6889
8265
7225
5535
4542
9069
9870
9604
794
2758
5280
1740
5418
7902
6954
5886
975
2075
8810
3877
8108
3846
7823
9330
6026
209
5738
6092
8120
866
4797
1584
1330
1470
5675
690
2618
8677
7287
8868
5962
2201
9693
9393
4630
3943
7201
1392
9927
349
6408
3088
2245
2741
3781
2696
1938
9966
7773
6396
5415
306
3809
9903
2325
9734
2267
8979
3410
3041
949
1029
1290
7239
9094
9276
1476
1507
7166
6712
3982
348
124
8066
2241
6863
2683
9505
7356
8585
1593
5431
2337
5991
4054
2662
5006
2835
5611
8973
836
1320
3662
9703
2334
8006
9815
6097
473
9894
6854
9769
3338
7499
7312
2776
6370
6230
5861
9639
9257
6879
5449
5199
7697
7291
2888
3719
3194
6175
1066
10237
4706
7260
9936
5035
6200
2805
5896
2078
1487
2778
2751
3457
947
9280
4036
10235
6647
4022
7948
10110
5033
2785
1220
8232
4172
780
4019
7908
8654
2648
2923
2382
3067
3161
9851
4526
4073
6260
7264
7891
8855
4287
3677
1790
535
2162
1139
7488
771
3146
9247
7048
4584
9579
5633
1095
706
4432
2787
5242
2430
3608
8469
4217
4465
3540
4982
3914
9314
5981
7586
7661
8343
9539
9664
6696
4631
8913
10176
1792
7703
3847
5216
147
1527
5503
6161
8921
6440
4857
4943
5354
1222
8292
7723
3639
9356
10201
4924
6675
6265
7268
463
7008
7379
910
2748
2027
2347
1420
9763
1807
4091
674
9312
6613
730
7552
3232
7870
2137
269
9747
9713
8209
1943
6547
515
1244
7000
9145
6685
287
7505
3808
4758
8457
6526
4000
1779
1402
2299
5234
7369
3888
1749
6502
7401
1276
9740
2263
8764
3366
2100
507
2227
7483
85
5803
10239
1748
5619
320
4744
9207
4010
5569
2086
2995
3369
5196
2742
1930
741
5470
5483
2002
6959
734
8060
19
5454
518
6976
3011
6302
8787
9514
2465
3405
7428
5878
4309
7527
925
3728
9607
10033
5209
7797
1322
2723
4460
7692
2189
5554
5889
886
2998
509
7984
1147
1424
9161
3739
7647
5779
7979
6436
8610
4867
7105
5484
1109
8369
4567
1980
1700
7523
5820
9248
6022
8726
1465
3889
3126
9509
3947
7648
6970
4633
6665
8766
5586
8194
3496
3680
3147
4927
2290
1557
8922
455
10069
2801
3920
32
7515
7133
6653
1481
119
1704
9569
7587
9437
3932
1252
2903
592
3191
6055
4820
5000
6550
6197
4142
4769
8227
4241
6425
3143
2151
277
299
4347
8246
6251
5343
7659
9484
5794
6422
4426
1964
4200
1164
2685
1153
6638
2755
8098
9177
6006
4329
7087
3704
2927
2965
6732
8842
568
7017
5754
6033
1919
7778
4809
9321
3115
4825
980
8491
2774
4942
3042
1660
8452
5730
4605
4261
5330
8862
2559
6962
7393
3412
1315
897
1455
7208
9048
4393
3319
9354
8011
7951
6835
283
5184
8604
6569
10163
4203
5003
6420
9841
8828
9962
9435
4933
7053
219
2138
5765
4990
3139
6337
2956
10073
7898
7790
100
4469
2296
2913
9474
9440
6052
4571
6878
3485
4591
8968
1685
87
7086
624
3763
1159
9378
9125
4123
3137
7222
6824
6295
3524
5266
4606
6146
6884
6728
246
6387
2441
9491
2960
8853
3038
7724
8208
1165
1540
3273
5655
1564
4514
7809
5692
8434
4259
8996
5210
1098
6122
5935
8743
3562
4101
9586
6412
5144
724
3107
2464
9524
1430
5856
8401
1923
5479
7949
7137
7456
5356
2824
2660
8026
2503
8558
986
9558
9878
1033
7282
8488
2520
6936
1483
1117
3869
5556
5947
7236
6072
8486
2560
2978
5295
4216
4478
5396
7771
9187
443
1683
220
5030
63
6642
4757
8646
2830
5522
4603
1173
7235
9937
5062
4555
481
4330
1539
8969
1867
6480
6111
7769
6415
9192
4537
4693
7850
3381
10096
6851
3820
9670
4688
1935
7868
6596
3389
4622
3581
1034
569
7275
9034
176
8770
10204
1658
8099
3061
3201
225
2421
6974
6841
1701
9227
3223
17
3603
7100
4106
5194
7066
8738
1513
9328
1887
4354
2259
9065
876
2360
4779
3916
5186
